# Temperatura_=_19.04074074074074
# Concentracion g/m^3_=_10000.0
# C_Vs_to_Am_M_A/Vsm_=_254322799225.57578
# pendiente_HvsI_1/m_=_3716.3
# ordenada_HvsI_A/m_=_1297.0
# frecuencia_Hz_=_135556.2220139218
# Promedio de 27 ciclos

Tiempo_(s)	Campo_(V.s)	Magnetizacion_(V.s)	Campo_(kA/m)	Magnetizacion_(A/m)
0.000000e+00	-1.066807e-08	-1.513001e-09	-5.702197e+01	-4.280761e+02
1.000000e-08	-1.066802e-08	-1.512878e-09	-5.702169e+01	-4.280223e+02
2.000000e-08	-1.066730e-08	-1.512652e-09	-5.701796e+01	-4.279287e+02
3.000000e-08	-1.066564e-08	-1.512498e-09	-5.700938e+01	-4.278748e+02
4.000000e-08	-1.066298e-08	-1.512570e-09	-5.699540e+01	-4.278960e+02
5.000000e-08	-1.065950e-08	-1.512857e-09	-5.697693e+01	-4.279795e+02
6.000000e-08	-1.065546e-08	-1.512930e-09	-5.695538e+01	-4.280124e+02
7.000000e-08	-1.065085e-08	-1.512738e-09	-5.693088e+01	-4.279824e+02
8.000000e-08	-1.064553e-08	-1.512406e-09	-5.690266e+01	-4.279312e+02
9.000000e-08	-1.063937e-08	-1.513077e-09	-5.686989e+01	-4.281716e+02
1.000000e-07	-1.063217e-08	-1.514114e-09	-5.683163e+01	-4.283835e+02
1.100000e-07	-1.062373e-08	-1.511689e-09	-5.678679e+01	-4.275278e+02
1.200000e-07	-1.061396e-08	-1.507148e-09	-5.673496e+01	-4.262107e+02
1.300000e-07	-1.060338e-08	-1.505641e-09	-5.667864e+01	-4.260477e+02
1.400000e-07	-1.059249e-08	-1.512040e-09	-5.662057e+01	-4.279945e+02
1.500000e-07	-1.058103e-08	-1.514832e-09	-5.655940e+01	-4.284512e+02
1.600000e-07	-1.056858e-08	-1.503958e-09	-5.649306e+01	-4.250668e+02
1.700000e-07	-1.055538e-08	-1.502642e-09	-5.642261e+01	-4.247561e+02
1.800000e-07	-1.054161e-08	-1.511735e-09	-5.634904e+01	-4.276379e+02
1.900000e-07	-1.052677e-08	-1.504384e-09	-5.627000e+01	-4.256987e+02
2.000000e-07	-1.051080e-08	-1.490338e-09	-5.618493e+01	-4.219565e+02
2.100000e-07	-1.049423e-08	-1.498631e-09	-5.609643e+01	-4.246011e+02
2.200000e-07	-1.047707e-08	-1.515493e-09	-5.600481e+01	-4.286552e+02
2.300000e-07	-1.045907e-08	-1.508526e-09	-5.590879e+01	-4.259624e+02
2.400000e-07	-1.044037e-08	-1.502939e-09	-5.580903e+01	-4.244977e+02
2.500000e-07	-1.042113e-08	-1.512488e-09	-5.570631e+01	-4.273444e+02
2.600000e-07	-1.040117e-08	-1.502937e-09	-5.559974e+01	-4.246941e+02
2.700000e-07	-1.038049e-08	-1.484349e-09	-5.548927e+01	-4.200913e+02
2.800000e-07	-1.035918e-08	-1.491244e-09	-5.537542e+01	-4.226691e+02
2.900000e-07	-1.033705e-08	-1.497595e-09	-5.525731e+01	-4.242618e+02
3.000000e-07	-1.031410e-08	-1.485168e-09	-5.513482e+01	-4.207113e+02
3.100000e-07	-1.029060e-08	-1.493127e-09	-5.500928e+01	-4.230412e+02
3.200000e-07	-1.026657e-08	-1.512903e-09	-5.488081e+01	-4.278975e+02
3.300000e-07	-1.024174e-08	-1.505373e-09	-5.474827e+01	-4.251764e+02
3.400000e-07	-1.021606e-08	-1.498345e-09	-5.461131e+01	-4.234569e+02
3.500000e-07	-1.018954e-08	-1.511432e-09	-5.446983e+01	-4.270262e+02
3.600000e-07	-1.016217e-08	-1.502538e-09	-5.432371e+01	-4.243662e+02
3.700000e-07	-1.013414e-08	-1.483809e-09	-5.417388e+01	-4.197395e+02
3.800000e-07	-1.010548e-08	-1.492078e-09	-5.402078e+01	-4.223576e+02
3.900000e-07	-1.007612e-08	-1.489467e-09	-5.386388e+01	-4.214560e+02
4.000000e-07	-1.004600e-08	-1.472531e-09	-5.370300e+01	-4.170062e+02
4.100000e-07	-1.001513e-08	-1.483751e-09	-5.353813e+01	-4.200315e+02
4.200000e-07	-9.983588e-09	-1.486343e-09	-5.336951e+01	-4.204842e+02
4.300000e-07	-9.951499e-09	-1.468449e-09	-5.319793e+01	-4.158324e+02
4.400000e-07	-9.918806e-09	-1.474159e-09	-5.302324e+01	-4.173658e+02
4.500000e-07	-9.885240e-09	-1.477898e-09	-5.284414e+01	-4.181238e+02
4.600000e-07	-9.850686e-09	-1.461232e-09	-5.265977e+01	-4.138266e+02
4.700000e-07	-9.815305e-09	-1.462760e-09	-5.247079e+01	-4.142682e+02
4.800000e-07	-9.779301e-09	-1.468398e-09	-5.227836e+01	-4.154515e+02
4.900000e-07	-9.742734e-09	-1.455240e-09	-5.208290e+01	-4.120177e+02
5.000000e-07	-9.705528e-09	-1.453494e-09	-5.188408e+01	-4.115631e+02
5.100000e-07	-9.667601e-09	-1.459132e-09	-5.168144e+01	-4.127307e+02
5.200000e-07	-9.628958e-09	-1.449367e-09	-5.147500e+01	-4.102630e+02
5.300000e-07	-9.589703e-09	-1.444113e-09	-5.126523e+01	-4.090670e+02
5.400000e-07	-9.549873e-09	-1.447157e-09	-5.105232e+01	-4.095752e+02
5.500000e-07	-9.509396e-09	-1.440152e-09	-5.083599e+01	-4.076540e+02
5.600000e-07	-9.468104e-09	-1.434265e-09	-5.061551e+01	-4.062312e+02
5.700000e-07	-9.425848e-09	-1.435473e-09	-5.039002e+01	-4.063392e+02
5.800000e-07	-9.382709e-09	-1.430472e-09	-5.015970e+01	-4.048980e+02
5.900000e-07	-9.338903e-09	-1.424295e-09	-4.992560e+01	-4.033199e+02
6.000000e-07	-9.294563e-09	-1.423632e-09	-4.968863e+01	-4.029759e+02
6.100000e-07	-9.249646e-09	-1.419984e-09	-4.944862e+01	-4.019339e+02
6.200000e-07	-9.204100e-09	-1.414959e-09	-4.920521e+01	-4.006817e+02
6.300000e-07	-9.157909e-09	-1.412344e-09	-4.895834e+01	-3.998868e+02
6.400000e-07	-9.111064e-09	-1.407710e-09	-4.870801e+01	-3.985658e+02
6.500000e-07	-9.063586e-09	-1.402821e-09	-4.845431e+01	-3.972370e+02
6.600000e-07	-9.015434e-09	-1.400039e-09	-4.819696e+01	-3.963584e+02
6.700000e-07	-8.966510e-09	-1.395249e-09	-4.793555e+01	-3.950210e+02
6.800000e-07	-8.916742e-09	-1.390308e-09	-4.766979e+01	-3.936929e+02
6.900000e-07	-8.866080e-09	-1.387087e-09	-4.739929e+01	-3.926936e+02
7.000000e-07	-8.814543e-09	-1.382555e-09	-4.712405e+01	-3.913954e+02
7.100000e-07	-8.762233e-09	-1.377620e-09	-4.684458e+01	-3.900732e+02
7.200000e-07	-8.709240e-09	-1.373663e-09	-4.656142e+01	-3.889144e+02
7.300000e-07	-8.655643e-09	-1.368308e-09	-4.627502e+01	-3.873801e+02
7.400000e-07	-8.601493e-09	-1.362894e-09	-4.598560e+01	-3.858847e+02
7.500000e-07	-8.546826e-09	-1.358920e-09	-4.569344e+01	-3.847300e+02
7.600000e-07	-8.491674e-09	-1.354128e-09	-4.539870e+01	-3.833858e+02
7.700000e-07	-8.436003e-09	-1.348804e-09	-4.510109e+01	-3.819412e+02
7.800000e-07	-8.379736e-09	-1.344307e-09	-4.480029e+01	-3.806423e+02
7.900000e-07	-8.322819e-09	-1.339339e-09	-4.449611e+01	-3.791859e+02
8.000000e-07	-8.265186e-09	-1.333765e-09	-4.418826e+01	-3.776132e+02
8.100000e-07	-8.206791e-09	-1.328614e-09	-4.387640e+01	-3.761503e+02
8.200000e-07	-8.147671e-09	-1.322652e-09	-4.356059e+01	-3.744816e+02
8.300000e-07	-8.087924e-09	-1.316186e-09	-4.324133e+01	-3.727049e+02
8.400000e-07	-8.027624e-09	-1.310704e-09	-4.291904e+01	-3.711639e+02
8.500000e-07	-7.966788e-09	-1.305779e-09	-4.259393e+01	-3.697395e+02
8.600000e-07	-7.905432e-09	-1.300336e-09	-4.226605e+01	-3.681879e+02
8.700000e-07	-7.843574e-09	-1.294761e-09	-4.193548e+01	-3.666028e+02
8.800000e-07	-7.781237e-09	-1.289317e-09	-4.160237e+01	-3.650297e+02
8.900000e-07	-7.718440e-09	-1.283627e-09	-4.126677e+01	-3.633797e+02
9.000000e-07	-7.655164e-09	-1.277482e-09	-4.092859e+01	-3.616437e+02
9.100000e-07	-7.591382e-09	-1.271146e-09	-4.058765e+01	-3.598990e+02
9.200000e-07	-7.527055e-09	-1.264815e-09	-4.024384e+01	-3.581567e+02
9.300000e-07	-7.462120e-09	-1.258864e-09	-3.989694e+01	-3.564769e+02
9.400000e-07	-7.396543e-09	-1.253238e-09	-3.954666e+01	-3.548661e+02
9.500000e-07	-7.330306e-09	-1.247756e-09	-3.919280e+01	-3.532944e+02
9.600000e-07	-7.263490e-09	-1.241650e-09	-3.883577e+01	-3.515537e+02
9.700000e-07	-7.196196e-09	-1.235107e-09	-3.847614e+01	-3.497018e+02
9.800000e-07	-7.128412e-09	-1.228912e-09	-3.811389e+01	-3.479507e+02
9.900000e-07	-7.060156e-09	-1.222330e-09	-3.774909e+01	-3.461047e+02
1.000000e-06	-6.991461e-09	-1.214511e-09	-3.738194e+01	-3.439156e+02
1.010000e-06	-6.922312e-09	-1.205997e-09	-3.701240e+01	-3.415339e+02
1.020000e-06	-6.852695e-09	-1.198322e-09	-3.664039e+01	-3.393652e+02
1.030000e-06	-6.782658e-09	-1.191885e-09	-3.626609e+01	-3.375002e+02
1.040000e-06	-6.712204e-09	-1.185247e-09	-3.588955e+01	-3.355812e+02
1.050000e-06	-6.641295e-09	-1.177787e-09	-3.551059e+01	-3.334762e+02
1.060000e-06	-6.569930e-09	-1.170221e-09	-3.512918e+01	-3.313643e+02
1.070000e-06	-6.498062e-09	-1.162536e-09	-3.474507e+01	-3.292184e+02
1.080000e-06	-6.425644e-09	-1.154368e-09	-3.435804e+01	-3.269428e+02
1.090000e-06	-6.352699e-09	-1.146114e-09	-3.396819e+01	-3.246361e+02
1.100000e-06	-6.279250e-09	-1.137990e-09	-3.357578e+01	-3.223449e+02
1.110000e-06	-6.205278e-09	-1.129610e-09	-3.318068e+01	-3.199783e+02
1.120000e-06	-6.130770e-09	-1.121728e-09	-3.278265e+01	-3.177367e+02
1.130000e-06	-6.055710e-09	-1.114669e-09	-3.238168e+01	-3.157123e+02
1.140000e-06	-5.980133e-09	-1.107143e-09	-3.197792e+01	-3.135811e+02
1.150000e-06	-5.904112e-09	-1.098507e-09	-3.157170e+01	-3.111760e+02
1.160000e-06	-5.827682e-09	-1.089837e-09	-3.116327e+01	-3.087463e+02
1.170000e-06	-5.750857e-09	-1.081490e-09	-3.075275e+01	-3.063891e+02
1.180000e-06	-5.673600e-09	-1.072914e-09	-3.033994e+01	-3.039600e+02
1.190000e-06	-5.595864e-09	-1.063943e-09	-2.992461e+01	-3.014063e+02
1.200000e-06	-5.517635e-09	-1.054862e-09	-2.950675e+01	-2.988294e+02
1.210000e-06	-5.438934e-09	-1.045954e-09	-2.908629e+01	-2.963189e+02
1.220000e-06	-5.359775e-09	-1.037178e-09	-2.866337e+01	-2.938481e+02
1.230000e-06	-5.280149e-09	-1.028361e-09	-2.823797e+01	-2.913545e+02
1.240000e-06	-5.200090e-09	-1.019206e-09	-2.781019e+01	-2.887861e+02
1.250000e-06	-5.119624e-09	-1.009525e-09	-2.738018e+01	-2.860940e+02
1.260000e-06	-5.038730e-09	-9.998953e-10	-2.694788e+01	-2.834084e+02
1.270000e-06	-4.957460e-09	-9.906070e-10	-2.651360e+01	-2.807845e+02
1.280000e-06	-4.875886e-09	-9.813938e-10	-2.607763e+01	-2.781466e+02
1.290000e-06	-4.794023e-09	-9.718144e-10	-2.564006e+01	-2.754115e+02
1.300000e-06	-4.711878e-09	-9.616708e-10	-2.520098e+01	-2.725472e+02
1.310000e-06	-4.629489e-09	-9.514520e-10	-2.476061e+01	-2.696630e+02
1.320000e-06	-4.546852e-09	-9.411129e-10	-2.431893e+01	-2.667429e+02
1.330000e-06	-4.463937e-09	-9.304561e-10	-2.387574e+01	-2.637446e+02
1.340000e-06	-4.380718e-09	-9.199668e-10	-2.343094e+01	-2.607893e+02
1.350000e-06	-4.297171e-09	-9.097502e-10	-2.298440e+01	-2.578940e+02
1.360000e-06	-4.213300e-09	-8.994124e-10	-2.253613e+01	-2.549593e+02
1.370000e-06	-4.129144e-09	-8.889512e-10	-2.208631e+01	-2.519903e+02
1.380000e-06	-4.044732e-09	-8.782367e-10	-2.163508e+01	-2.489464e+02
1.390000e-06	-3.960098e-09	-8.667297e-10	-2.118260e+01	-2.456933e+02
1.400000e-06	-3.875245e-09	-8.547534e-10	-2.072895e+01	-2.423262e+02
1.410000e-06	-3.790154e-09	-8.431011e-10	-2.027408e+01	-2.390347e+02
1.420000e-06	-3.704856e-09	-8.314830e-10	-1.981817e+01	-2.357388e+02
1.430000e-06	-3.619350e-09	-8.196773e-10	-1.936114e+01	-2.324002e+02
1.440000e-06	-3.533621e-09	-8.080191e-10	-1.890293e+01	-2.291051e+02
1.450000e-06	-3.447680e-09	-7.967025e-10	-1.844358e+01	-2.258881e+02
1.460000e-06	-3.361511e-09	-7.849488e-10	-1.798303e+01	-2.225499e+02
1.470000e-06	-3.275124e-09	-7.720730e-10	-1.752128e+01	-2.189125e+02
1.480000e-06	-3.188515e-09	-7.584039e-10	-1.705830e+01	-2.150509e+02
1.490000e-06	-3.101682e-09	-7.446210e-10	-1.659420e+01	-2.111510e+02
1.500000e-06	-3.014632e-09	-7.312392e-10	-1.612894e+01	-2.073575e+02
1.510000e-06	-2.927349e-09	-7.180356e-10	-1.566244e+01	-2.036234e+02
1.520000e-06	-2.839857e-09	-7.047490e-10	-1.519481e+01	-1.998681e+02
1.530000e-06	-2.752166e-09	-6.913070e-10	-1.472608e+01	-1.960498e+02
1.540000e-06	-2.664280e-09	-6.775302e-10	-1.425630e+01	-1.921299e+02
1.550000e-06	-2.576217e-09	-6.634600e-10	-1.378556e+01	-1.881289e+02
1.560000e-06	-2.487978e-09	-6.491038e-10	-1.331390e+01	-1.840461e+02
1.570000e-06	-2.399580e-09	-6.341244e-10	-1.284143e+01	-1.797976e+02
1.580000e-06	-2.310997e-09	-6.188471e-10	-1.236802e+01	-1.754881e+02
1.590000e-06	-2.222209e-09	-6.038528e-10	-1.189355e+01	-1.712517e+02
1.600000e-06	-2.133267e-09	-5.886319e-10	-1.141825e+01	-1.669502e+02
1.610000e-06	-2.044181e-09	-5.732034e-10	-1.094212e+01	-1.625926e+02
1.620000e-06	-1.954933e-09	-5.579866e-10	-1.046509e+01	-1.582642e+02
1.630000e-06	-1.865536e-09	-5.422119e-10	-9.987257e+00	-1.537732e+02
1.640000e-06	-1.775980e-09	-5.260552e-10	-9.508587e+00	-1.491771e+02
1.650000e-06	-1.686280e-09	-5.101247e-10	-9.029175e+00	-1.446481e+02
1.660000e-06	-1.596468e-09	-4.938050e-10	-8.549181e+00	-1.400361e+02
1.670000e-06	-1.506553e-09	-4.771464e-10	-8.068623e+00	-1.353390e+02
1.680000e-06	-1.416547e-09	-4.605441e-10	-7.587548e+00	-1.306478e+02
1.690000e-06	-1.326472e-09	-4.437645e-10	-7.106099e+00	-1.259020e+02
1.700000e-06	-1.236325e-09	-4.267450e-10	-6.624287e+00	-1.210862e+02
1.710000e-06	-1.146108e-09	-4.096416e-10	-6.142143e+00	-1.162449e+02
1.720000e-06	-1.055846e-09	-3.923210e-10	-5.659761e+00	-1.113413e+02
1.730000e-06	-9.655156e-10	-3.749014e-10	-5.177012e+00	-1.064021e+02
1.740000e-06	-8.750855e-10	-3.582014e-10	-4.693768e+00	-1.016501e+02
1.750000e-06	-7.845613e-10	-3.418434e-10	-4.210079e+00	-9.700430e+01
1.760000e-06	-6.939470e-10	-3.249898e-10	-3.725883e+00	-9.223270e+01
1.770000e-06	-6.032302e-10	-3.079878e-10	-3.241143e+00	-8.740862e+01
1.780000e-06	-5.124380e-10	-2.906172e-10	-2.756009e+00	-8.249191e+01
1.790000e-06	-4.216065e-10	-2.722816e-10	-2.270631e+00	-7.733056e+01
1.800000e-06	-3.307517e-10	-2.536798e-10	-1.785156e+00	-7.208979e+01
1.810000e-06	-2.398710e-10	-2.360365e-10	-1.299539e+00	-6.707906e+01
1.820000e-06	-1.489847e-10	-2.190898e-10	-8.138829e-01	-6.224169e+01
1.830000e-06	-5.813442e-11	-2.019681e-10	-3.283593e-01	-5.736015e+01
1.840000e-06	3.267437e-11	-1.850158e-10	1.569674e-01	-5.252535e+01
1.850000e-06	1.234500e-10	-1.684801e-10	6.420781e-01	-4.781835e+01
1.860000e-06	2.142194e-10	-1.514291e-10	1.127175e+00	-4.299786e+01
1.870000e-06	3.049842e-10	-1.332118e-10	1.612244e+00	-3.787276e+01
1.880000e-06	3.957340e-10	-1.145316e-10	2.097188e+00	-3.261918e+01
1.890000e-06	4.864766e-10	-9.612338e-11	2.582067e+00	-2.741776e+01
1.900000e-06	5.772086e-10	-7.833246e-11	3.066861e+00	-2.234299e+01
1.910000e-06	6.679217e-10	-6.127314e-11	3.551565e+00	-1.744574e+01
1.920000e-06	7.585890e-10	-4.437902e-11	4.036078e+00	-1.261780e+01
1.930000e-06	8.491765e-10	-2.704957e-11	4.520156e+00	-7.683265e+00
1.940000e-06	9.396858e-10	-8.940765e-12	5.003795e+00	-2.536407e+00
1.950000e-06	1.030116e-09	9.885328e-12	5.487075e+00	2.787653e+00
1.960000e-06	1.120439e-09	2.901655e-11	5.969833e+00	8.187166e+00
1.970000e-06	1.210648e-09	4.821565e-11	6.451994e+00	1.361374e+01
1.980000e-06	1.300749e-09	6.713554e-11	6.933537e+00	1.898447e+01
1.990000e-06	1.390722e-09	8.547788e-11	7.414433e+00	2.421903e+01
2.000000e-06	1.480592e-09	1.033338e-10	7.894804e+00	2.933181e+01
2.010000e-06	1.570380e-09	1.213608e-10	8.374662e+00	3.448338e+01
2.020000e-06	1.660060e-09	1.402947e-10	8.853989e+00	3.986850e+01
2.030000e-06	1.749636e-09	1.602163e-10	9.332840e+00	4.549811e+01
2.040000e-06	1.839111e-09	1.805708e-10	9.811157e+00	5.123933e+01
2.050000e-06	1.928475e-09	2.007001e-10	1.028883e+01	5.695647e+01
2.060000e-06	2.017707e-09	2.206116e-10	1.076579e+01	6.262585e+01
2.070000e-06	2.106785e-09	2.405703e-10	1.124198e+01	6.829648e+01
2.080000e-06	2.195702e-09	2.604682e-10	1.171731e+01	7.397072e+01
2.090000e-06	2.284426e-09	2.805926e-10	1.219160e+01	7.970367e+01
2.100000e-06	2.372944e-09	3.011739e-10	1.266480e+01	8.552544e+01
2.110000e-06	2.461247e-09	3.216020e-10	1.313683e+01	9.129950e+01
2.120000e-06	2.549318e-09	3.415679e-10	1.360767e+01	9.696917e+01
2.130000e-06	2.637157e-09	3.616161e-10	1.407730e+01	1.026641e+02
2.140000e-06	2.724782e-09	3.816902e-10	1.454575e+01	1.083529e+02
2.150000e-06	2.812230e-09	4.010741e-10	1.501322e+01	1.138574e+02
2.160000e-06	2.899503e-09	4.203556e-10	1.547978e+01	1.193323e+02
2.170000e-06	2.986605e-09	4.400299e-10	1.594545e+01	1.249108e+02
2.180000e-06	3.073535e-09	4.595416e-10	1.641021e+01	1.304345e+02
2.190000e-06	3.160276e-09	4.788169e-10	1.687394e+01	1.358800e+02
2.200000e-06	3.246830e-09	4.982402e-10	1.733664e+01	1.413764e+02
2.210000e-06	3.333175e-09	5.170354e-10	1.779821e+01	1.467297e+02
2.220000e-06	3.419280e-09	5.347498e-10	1.825849e+01	1.517860e+02
2.230000e-06	3.505145e-09	5.522950e-10	1.871747e+01	1.567762e+02
2.240000e-06	3.590757e-09	5.697728e-10	1.917509e+01	1.617455e+02
2.250000e-06	3.676105e-09	5.867689e-10	1.963133e+01	1.665677e+02
2.260000e-06	3.761215e-09	6.037827e-10	2.008632e+01	1.713734e+02
2.270000e-06	3.846113e-09	6.211399e-10	2.054015e+01	1.762737e+02
2.280000e-06	3.930788e-09	6.383580e-10	2.099284e+01	1.811551e+02
2.290000e-06	4.015238e-09	6.552620e-10	2.144435e+01	1.859395e+02
2.300000e-06	4.099461e-09	6.715350e-10	2.189461e+01	1.905447e+02
2.310000e-06	4.183440e-09	6.867229e-10	2.234349e+01	1.948721e+02
2.320000e-06	4.267142e-09	7.014174e-10	2.279086e+01	1.990540e+02
2.330000e-06	4.350540e-09	7.162907e-10	2.323666e+01	2.032598e+02
2.340000e-06	4.433636e-09	7.310160e-10	2.368086e+01	2.074168e+02
2.350000e-06	4.516424e-09	7.458267e-10	2.412340e+01	2.115949e+02
2.360000e-06	4.598911e-09	7.611301e-10	2.456436e+01	2.159022e+02
2.370000e-06	4.681099e-09	7.761244e-10	2.500375e+01	2.201250e+02
2.380000e-06	4.762964e-09	7.903847e-10	2.544146e+01	2.241545e+02
2.390000e-06	4.844486e-09	8.041194e-10	2.587732e+01	2.280580e+02
2.400000e-06	4.925624e-09	8.171710e-10	2.631109e+01	2.317812e+02
2.410000e-06	5.006366e-09	8.295001e-10	2.674269e+01	2.352890e+02
2.420000e-06	5.086711e-09	8.417197e-10	2.717213e+01	2.387424e+02
2.430000e-06	5.166675e-09	8.546548e-10	2.759958e+01	2.423742e+02
2.440000e-06	5.246287e-09	8.678820e-10	2.802514e+01	2.460843e+02
2.450000e-06	5.325539e-09	8.806026e-10	2.844876e+01	2.496636e+02
2.460000e-06	5.404420e-09	8.928182e-10	2.887042e+01	2.531045e+02
2.470000e-06	5.482883e-09	9.046075e-10	2.928992e+01	2.564202e+02
2.480000e-06	5.560918e-09	9.157416e-10	2.970717e+01	2.595733e+02
2.490000e-06	5.638523e-09	9.262288e-10	3.012206e+01	2.625673e+02
2.500000e-06	5.715689e-09	9.368561e-10	3.053460e+01	2.655768e+02
2.510000e-06	5.792434e-09	9.480945e-10	3.094490e+01	2.687259e+02
2.520000e-06	5.868754e-09	9.591876e-10	3.135291e+01	2.718438e+02
2.530000e-06	5.944595e-09	9.697816e-10	3.175833e+01	2.748431e+02
2.540000e-06	6.019887e-09	9.804242e-10	3.216082e+01	2.778401e+02
2.550000e-06	6.094619e-09	9.906310e-10	3.256028e+01	2.807084e+02
2.560000e-06	6.168840e-09	1.000436e-09	3.295697e+01	2.834770e+02
2.570000e-06	6.242567e-09	1.010582e-09	3.335113e+01	2.863376e+02
2.580000e-06	6.315802e-09	1.020449e-09	3.374267e+01	2.891188e+02
2.590000e-06	6.388537e-09	1.029812e-09	3.413155e+01	2.917747e+02
2.600000e-06	6.460758e-09	1.039266e-09	3.451774e+01	2.944565e+02
2.610000e-06	6.532496e-09	1.048786e-09	3.490131e+01	2.971344e+02
2.620000e-06	6.603784e-09	1.058073e-09	3.528243e+01	2.997482e+02
2.630000e-06	6.674635e-09	1.067414e-09	3.566116e+01	3.023834e+02
2.640000e-06	6.745038e-09	1.076496e-09	3.603745e+01	3.049367e+02
2.650000e-06	6.814960e-09	1.084969e-09	3.641122e+01	3.073043e+02
2.660000e-06	6.884386e-09	1.093602e-09	3.678242e+01	3.097174e+02
2.670000e-06	6.953341e-09	1.102392e-09	3.715112e+01	3.122015e+02
2.680000e-06	7.021863e-09	1.110856e-09	3.751753e+01	3.146173e+02
2.690000e-06	7.089957e-09	1.118929e-09	3.788158e+01	3.169315e+02
2.700000e-06	7.157580e-09	1.126922e-09	3.824303e+01	3.192126e+02
2.710000e-06	7.224659e-09	1.135016e-09	3.860157e+01	3.214959e+02
2.720000e-06	7.291165e-09	1.143292e-09	3.895705e+01	3.237989e+02
2.730000e-06	7.357082e-09	1.151613e-09	3.930944e+01	3.261036e+02
2.740000e-06	7.422415e-09	1.159218e-09	3.965880e+01	3.282272e+02
2.750000e-06	7.487173e-09	1.166466e-09	4.000513e+01	3.302661e+02
2.760000e-06	7.551349e-09	1.173918e-09	4.034835e+01	3.323784e+02
2.770000e-06	7.614976e-09	1.181350e-09	4.068856e+01	3.345186e+02
2.780000e-06	7.678103e-09	1.188854e-09	4.102606e+01	3.366840e+02
2.790000e-06	7.740754e-09	1.196273e-09	4.136105e+01	3.388000e+02
2.800000e-06	7.802900e-09	1.203604e-09	4.169340e+01	3.408605e+02
2.810000e-06	7.864525e-09	1.211116e-09	4.202298e+01	3.429370e+02
2.820000e-06	7.925648e-09	1.218524e-09	4.234989e+01	3.449836e+02
2.830000e-06	7.986321e-09	1.225418e-09	4.267439e+01	3.469243e+02
2.840000e-06	8.046555e-09	1.231999e-09	4.299650e+01	3.488109e+02
2.850000e-06	8.106282e-09	1.238437e-09	4.331583e+01	3.506720e+02
2.860000e-06	8.165400e-09	1.245253e-09	4.363189e+01	3.526267e+02
2.870000e-06	8.223834e-09	1.252961e-09	4.394426e+01	3.548040e+02
2.880000e-06	8.281546e-09	1.260300e-09	4.425280e+01	3.568747e+02
2.890000e-06	8.338538e-09	1.266759e-09	4.455761e+01	3.586854e+02
2.900000e-06	8.394857e-09	1.273328e-09	4.485887e+01	3.604982e+02
2.910000e-06	8.450574e-09	1.279967e-09	4.515682e+01	3.623300e+02
2.920000e-06	8.505736e-09	1.286211e-09	4.545178e+01	3.640922e+02
2.930000e-06	8.560349e-09	1.292208e-09	4.574382e+01	3.658134e+02
2.940000e-06	8.614386e-09	1.298072e-09	4.603276e+01	3.674903e+02
2.950000e-06	8.667821e-09	1.303837e-09	4.631846e+01	3.691343e+02
2.960000e-06	8.720645e-09	1.309796e-09	4.660093e+01	3.708248e+02
2.970000e-06	8.772828e-09	1.316289e-09	4.687995e+01	3.726443e+02
2.980000e-06	8.824293e-09	1.323070e-09	4.715510e+01	3.745203e+02
2.990000e-06	8.874938e-09	1.329414e-09	4.742588e+01	3.762862e+02
3.000000e-06	8.924727e-09	1.335025e-09	4.769215e+01	3.778774e+02
3.010000e-06	8.973703e-09	1.340317e-09	4.795417e+01	3.793861e+02
3.020000e-06	9.021950e-09	1.345579e-09	4.821225e+01	3.808888e+02
3.030000e-06	9.069545e-09	1.350914e-09	4.846681e+01	3.824065e+02
3.040000e-06	9.116536e-09	1.356414e-09	4.871815e+01	3.839483e+02
3.050000e-06	9.162913e-09	1.362072e-09	4.896622e+01	3.855220e+02
3.060000e-06	9.208618e-09	1.368010e-09	4.921069e+01	3.871778e+02
3.070000e-06	9.253685e-09	1.373945e-09	4.945178e+01	3.888443e+02
3.080000e-06	9.298190e-09	1.379199e-09	4.968988e+01	3.903297e+02
3.090000e-06	9.342172e-09	1.383842e-09	4.992516e+01	3.916502e+02
3.100000e-06	9.385616e-09	1.388330e-09	5.015750e+01	3.929282e+02
3.110000e-06	9.428384e-09	1.392842e-09	5.038622e+01	3.942127e+02
3.120000e-06	9.470301e-09	1.397395e-09	5.061042e+01	3.954991e+02
3.130000e-06	9.511360e-09	1.401876e-09	5.083003e+01	3.967627e+02
3.140000e-06	9.551671e-09	1.406603e-09	5.104568e+01	3.980965e+02
3.150000e-06	9.591339e-09	1.411482e-09	5.125795e+01	3.994727e+02
3.160000e-06	9.630418e-09	1.415973e-09	5.146700e+01	4.007346e+02
3.170000e-06	9.668868e-09	1.420209e-09	5.167266e+01	4.019251e+02
3.180000e-06	9.706622e-09	1.424396e-09	5.187465e+01	4.031189e+02
3.190000e-06	9.743673e-09	1.428175e-09	5.207292e+01	4.042023e+02
3.200000e-06	9.780107e-09	1.431484e-09	5.226790e+01	4.051542e+02
3.210000e-06	9.816009e-09	1.434962e-09	5.245996e+01	4.061552e+02
3.220000e-06	9.851319e-09	1.438787e-09	5.264877e+01	4.072450e+02
3.230000e-06	9.885828e-09	1.442709e-09	5.283330e+01	4.083506e+02
3.240000e-06	9.919365e-09	1.446855e-09	5.301276e+01	4.095034e+02
3.250000e-06	9.952029e-09	1.450940e-09	5.318759e+01	4.106369e+02
3.260000e-06	9.984026e-09	1.454573e-09	5.335879e+01	4.116669e+02
3.270000e-06	1.001542e-08	1.457734e-09	5.352682e+01	4.125722e+02
3.280000e-06	1.004619e-08	1.460696e-09	5.369153e+01	4.134267e+02
3.290000e-06	1.007627e-08	1.463694e-09	5.385256e+01	4.142948e+02
3.300000e-06	1.010564e-08	1.466597e-09	5.400975e+01	4.151393e+02
3.310000e-06	1.013435e-08	1.469341e-09	5.416335e+01	4.159369e+02
3.320000e-06	1.016247e-08	1.471994e-09	5.431388e+01	4.166963e+02
3.330000e-06	1.019005e-08	1.474852e-09	5.446142e+01	4.174876e+02
3.340000e-06	1.021688e-08	1.477847e-09	5.460487e+01	4.182974e+02
3.350000e-06	1.024272e-08	1.480615e-09	5.474307e+01	4.190662e+02
3.360000e-06	1.026756e-08	1.482644e-09	5.487601e+01	4.196621e+02
3.370000e-06	1.029161e-08	1.484031e-09	5.500467e+01	4.200910e+02
3.380000e-06	1.031499e-08	1.485655e-09	5.512978e+01	4.205834e+02
3.390000e-06	1.033770e-08	1.487730e-09	5.525135e+01	4.211975e+02
3.400000e-06	1.035971e-08	1.489849e-09	5.536924e+01	4.217973e+02
3.410000e-06	1.038102e-08	1.491775e-09	5.548339e+01	4.223203e+02
3.420000e-06	1.040167e-08	1.493697e-09	5.559404e+01	4.228396e+02
3.430000e-06	1.042176e-08	1.495664e-09	5.570167e+01	4.233799e+02
3.440000e-06	1.044130e-08	1.497210e-09	5.580630e+01	4.238299e+02
3.450000e-06	1.046013e-08	1.498427e-09	5.590710e+01	4.242129e+02
3.460000e-06	1.047809e-08	1.499836e-09	5.600327e+01	4.246495e+02
3.470000e-06	1.049523e-08	1.501124e-09	5.609509e+01	4.250269e+02
3.480000e-06	1.051167e-08	1.502482e-09	5.618305e+01	4.253979e+02
3.490000e-06	1.052732e-08	1.504096e-09	5.626678e+01	4.258302e+02
3.500000e-06	1.054207e-08	1.505622e-09	5.634581e+01	4.262247e+02
3.510000e-06	1.055602e-08	1.506870e-09	5.642055e+01	4.265463e+02
3.520000e-06	1.056923e-08	1.507860e-09	5.649129e+01	4.268257e+02
3.530000e-06	1.058168e-08	1.508846e-09	5.655801e+01	4.271321e+02
3.540000e-06	1.059342e-08	1.509546e-09	5.662082e+01	4.273755e+02
3.550000e-06	1.060428e-08	1.509760e-09	5.667895e+01	4.274764e+02
3.560000e-06	1.061406e-08	1.510325e-09	5.673127e+01	4.276338e+02
3.570000e-06	1.062281e-08	1.511653e-09	5.677825e+01	4.279687e+02
3.580000e-06	1.063082e-08	1.512773e-09	5.682129e+01	4.282467e+02
3.590000e-06	1.063820e-08	1.513539e-09	5.686084e+01	4.284405e+02
3.600000e-06	1.064485e-08	1.514351e-09	5.689656e+01	4.286582e+02
3.610000e-06	1.065075e-08	1.514630e-09	5.692820e+01	4.287426e+02
3.620000e-06	1.065588e-08	1.514192e-09	5.695575e+01	4.286476e+02
3.630000e-06	1.066034e-08	1.513957e-09	5.697972e+01	4.286273e+02
3.640000e-06	1.066426e-08	1.514279e-09	5.700085e+01	4.287354e+02
3.650000e-06	1.066756e-08	1.514941e-09	5.701862e+01	4.288896e+02
3.660000e-06	1.066995e-08	1.516141e-09	5.703155e+01	4.291941e+02
3.670000e-06	1.067129e-08	1.517651e-09	5.703882e+01	4.295984e+02
3.680000e-06	1.067174e-08	1.518171e-09	5.704133e+01	4.297435e+02
3.690000e-06	1.067153e-08	1.517422e-09	5.704040e+01	4.295387e+02
3.700000e-06	1.067069e-08	1.516659e-09	5.703604e+01	4.293270e+02
3.710000e-06	1.066916e-08	1.516353e-09	5.702800e+01	4.292559e+02
3.720000e-06	1.066696e-08	1.516283e-09	5.701647e+01	4.292595e+02
3.730000e-06	1.066408e-08	1.516419e-09	5.700126e+01	4.293134e+02
3.740000e-06	1.066056e-08	1.516982e-09	5.698253e+01	4.294490e+02
3.750000e-06	1.065653e-08	1.517321e-09	5.696117e+01	4.295240e+02
3.760000e-06	1.065201e-08	1.517706e-09	5.693705e+01	4.296215e+02
3.770000e-06	1.064669e-08	1.517182e-09	5.690861e+01	4.293693e+02
3.780000e-06	1.064022e-08	1.513316e-09	5.687406e+01	4.283154e+02
3.790000e-06	1.063241e-08	1.512723e-09	5.683245e+01	4.283060e+02
3.800000e-06	1.062328e-08	1.517469e-09	5.678388e+01	4.296997e+02
3.810000e-06	1.061323e-08	1.516081e-09	5.673031e+01	4.290983e+02
3.820000e-06	1.060290e-08	1.508115e-09	5.667508e+01	4.266155e+02
3.830000e-06	1.059241e-08	1.506152e-09	5.661904e+01	4.264696e+02
3.840000e-06	1.058117e-08	1.514696e-09	5.655918e+01	4.294192e+02
3.850000e-06	1.056892e-08	1.514314e-09	5.649386e+01	4.293464e+02
3.860000e-06	1.055606e-08	1.506447e-09	5.642509e+01	4.266676e+02
3.870000e-06	1.054255e-08	1.514337e-09	5.635285e+01	4.285026e+02
3.880000e-06	1.052788e-08	1.526944e-09	5.627460e+01	4.320095e+02
3.890000e-06	1.051216e-08	1.519024e-09	5.619075e+01	4.296757e+02
3.900000e-06	1.049584e-08	1.500348e-09	5.610367e+01	4.249809e+02
3.910000e-06	1.047889e-08	1.507123e-09	5.601326e+01	4.275739e+02
3.920000e-06	1.046110e-08	1.521734e-09	5.591836e+01	4.312335e+02
3.930000e-06	1.044262e-08	1.518663e-09	5.581970e+01	4.296413e+02
3.940000e-06	1.042355e-08	1.522104e-09	5.571786e+01	4.303775e+02
3.950000e-06	1.040375e-08	1.533851e-09	5.561218e+01	4.335844e+02
3.960000e-06	1.038321e-08	1.522636e-09	5.550253e+01	4.303561e+02
3.970000e-06	1.036184e-08	1.499042e-09	5.538856e+01	4.245482e+02
3.980000e-06	1.033944e-08	1.502235e-09	5.526912e+01	4.262599e+02
3.990000e-06	1.031607e-08	1.507752e-09	5.514442e+01	4.277232e+02
4.000000e-06	1.029203e-08	1.496451e-09	5.501608e+01	4.244420e+02
4.010000e-06	1.026739e-08	1.506781e-09	5.488451e+01	4.272730e+02
4.020000e-06	1.024206e-08	1.527752e-09	5.474924e+01	4.324498e+02
4.030000e-06	1.021602e-08	1.521124e-09	5.461018e+01	4.299207e+02
4.040000e-06	1.018926e-08	1.516648e-09	5.446731e+01	4.287559e+02
4.050000e-06	1.016183e-08	1.530539e-09	5.432084e+01	4.323404e+02
4.060000e-06	1.013382e-08	1.518965e-09	5.417134e+01	4.288141e+02
4.070000e-06	1.010516e-08	1.500887e-09	5.401844e+01	4.243351e+02
4.080000e-06	1.007561e-08	1.511365e-09	5.386078e+01	4.273484e+02
4.090000e-06	1.004506e-08	1.501398e-09	5.369777e+01	4.244694e+02
4.100000e-06	1.001361e-08	1.481498e-09	5.352982e+01	4.194289e+02
4.110000e-06	9.981421e-09	1.493361e-09	5.335790e+01	4.226016e+02
4.120000e-06	9.948597e-09	1.486266e-09	5.318262e+01	4.205068e+02
4.130000e-06	9.915116e-09	1.467362e-09	5.300380e+01	4.156239e+02
4.140000e-06	9.880980e-09	1.481592e-09	5.282144e+01	4.191256e+02
4.150000e-06	9.846247e-09	1.479312e-09	5.263585e+01	4.182702e+02
4.160000e-06	9.810917e-09	1.460039e-09	5.244712e+01	4.135323e+02
4.170000e-06	9.774991e-09	1.470338e-09	5.225523e+01	4.160967e+02
4.180000e-06	9.738436e-09	1.471030e-09	5.205989e+01	4.160258e+02
4.190000e-06	9.701053e-09	1.453121e-09	5.186014e+01	4.116794e+02
4.200000e-06	9.662683e-09	1.456845e-09	5.165522e+01	4.124540e+02
4.210000e-06	9.623431e-09	1.458533e-09	5.144555e+01	4.124557e+02
4.220000e-06	9.583507e-09	1.445981e-09	5.123222e+01	4.094686e+02
4.230000e-06	9.542977e-09	1.446940e-09	5.101568e+01	4.096824e+02
4.240000e-06	9.501775e-09	1.447302e-09	5.079564e+01	4.093638e+02
4.250000e-06	9.459887e-09	1.436921e-09	5.057186e+01	4.068036e+02
4.260000e-06	9.417348e-09	1.434476e-09	5.034457e+01	4.061788e+02
4.270000e-06	9.374230e-09	1.434480e-09	5.011424e+01	4.058898e+02
4.280000e-06	9.330574e-09	1.427717e-09	4.988105e+01	4.042065e+02
4.290000e-06	9.286389e-09	1.423622e-09	4.964503e+01	4.030957e+02
4.300000e-06	9.241643e-09	1.421440e-09	4.940603e+01	4.022247e+02
4.310000e-06	9.196248e-09	1.416276e-09	4.916361e+01	4.008809e+02
4.320000e-06	9.150153e-09	1.412595e-09	4.891733e+01	3.999276e+02
4.330000e-06	9.103376e-09	1.409732e-09	4.866731e+01	3.989970e+02
4.340000e-06	9.055915e-09	1.403796e-09	4.841373e+01	3.973951e+02
4.350000e-06	9.007754e-09	1.399136e-09	4.815638e+01	3.960873e+02
4.360000e-06	8.958870e-09	1.396439e-09	4.789512e+01	3.951991e+02
4.370000e-06	8.909229e-09	1.391713e-09	4.762987e+01	3.939569e+02
4.380000e-06	8.858858e-09	1.387604e-09	4.736075e+01	3.928334e+02
4.390000e-06	8.807829e-09	1.383941e-09	4.708814e+01	3.916826e+02
4.400000e-06	8.756156e-09	1.377894e-09	4.681206e+01	3.900465e+02
4.410000e-06	8.703790e-09	1.372991e-09	4.653220e+01	3.887298e+02
4.420000e-06	8.650672e-09	1.369450e-09	4.624838e+01	3.876235e+02
4.430000e-06	8.596794e-09	1.363632e-09	4.596050e+01	3.859837e+02
4.440000e-06	8.542166e-09	1.358065e-09	4.566859e+01	3.844489e+02
4.450000e-06	8.486793e-09	1.353677e-09	4.537272e+01	3.831504e+02
4.460000e-06	8.430786e-09	1.348581e-09	4.507350e+01	3.817233e+02
4.470000e-06	8.374252e-09	1.343349e-09	4.477147e+01	3.803214e+02
4.480000e-06	8.317163e-09	1.338326e-09	4.446647e+01	3.788946e+02
4.490000e-06	8.259462e-09	1.332279e-09	4.415824e+01	3.771558e+02
4.500000e-06	8.201165e-09	1.326061e-09	4.384677e+01	3.754161e+02
4.510000e-06	8.142314e-09	1.320717e-09	4.353228e+01	3.739011e+02
4.520000e-06	8.082917e-09	1.315576e-09	4.321490e+01	3.724003e+02
4.530000e-06	8.022963e-09	1.310138e-09	4.289453e+01	3.708398e+02
4.540000e-06	7.962441e-09	1.304833e-09	4.257112e+01	3.693493e+02
4.550000e-06	7.901321e-09	1.299193e-09	4.224449e+01	3.677807e+02
4.560000e-06	7.839606e-09	1.293407e-09	4.191467e+01	3.661732e+02
4.570000e-06	7.777296e-09	1.287842e-09	4.158169e+01	3.646065e+02
4.580000e-06	7.714365e-09	1.281697e-09	4.124539e+01	3.628484e+02
4.590000e-06	7.650839e-09	1.274838e-09	4.090591e+01	3.608837e+02
4.600000e-06	7.586753e-09	1.268160e-09	4.056344e+01	3.589882e+02
4.610000e-06	7.522138e-09	1.261930e-09	4.021820e+01	3.572285e+02
4.620000e-06	7.457001e-09	1.255453e-09	3.987022e+01	3.554067e+02
4.630000e-06	7.391331e-09	1.248959e-09	3.951938e+01	3.535792e+02
4.640000e-06	7.325136e-09	1.242553e-09	3.916569e+01	3.517817e+02
4.650000e-06	7.258462e-09	1.235508e-09	3.880941e+01	3.498020e+02
4.660000e-06	7.191336e-09	1.228113e-09	3.845070e+01	3.477039e+02
4.670000e-06	7.123755e-09	1.220995e-09	3.808958e+01	3.456672e+02
4.680000e-06	7.055693e-09	1.213641e-09	3.772586e+01	3.435797e+02
4.690000e-06	6.987118e-09	1.206174e-09	3.735945e+01	3.414661e+02
4.700000e-06	6.918047e-09	1.198688e-09	3.699038e+01	3.393652e+02
4.710000e-06	6.848488e-09	1.191385e-09	3.661865e+01	3.373327e+02
4.720000e-06	6.778393e-09	1.184629e-09	3.624403e+01	3.354322e+02
4.730000e-06	6.707731e-09	1.177993e-09	3.586643e+01	3.335393e+02
4.740000e-06	6.636501e-09	1.170627e-09	3.548583e+01	3.314492e+02
4.750000e-06	6.564730e-09	1.162464e-09	3.510232e+01	3.291521e+02
4.760000e-06	6.492497e-09	1.154145e-09	3.471629e+01	3.268008e+02
4.770000e-06	6.419849e-09	1.146287e-09	3.432804e+01	3.245753e+02
4.780000e-06	6.346770e-09	1.138545e-09	3.393758e+01	3.224046e+02
4.790000e-06	6.273258e-09	1.130514e-09	3.354483e+01	3.201598e+02
4.800000e-06	6.199323e-09	1.122266e-09	3.314981e+01	3.178394e+02
4.810000e-06	6.124967e-09	1.113799e-09	3.275250e+01	3.154377e+02
4.820000e-06	6.050198e-09	1.105239e-09	3.235290e+01	3.129976e+02
4.830000e-06	5.975022e-09	1.096734e-09	3.195115e+01	3.105741e+02
4.840000e-06	5.899419e-09	1.088076e-09	3.154716e+01	3.081133e+02
4.850000e-06	5.823334e-09	1.079284e-09	3.114063e+01	3.056439e+02
4.860000e-06	5.746763e-09	1.070735e-09	3.073150e+01	3.032579e+02
4.870000e-06	5.669728e-09	1.062335e-09	3.031989e+01	3.008936e+02
4.880000e-06	5.592199e-09	1.053676e-09	2.990563e+01	2.984412e+02
4.890000e-06	5.514170e-09	1.044400e-09	2.948870e+01	2.958215e+02
4.900000e-06	5.435646e-09	1.034811e-09	2.906916e+01	2.931084e+02
4.910000e-06	5.356617e-09	1.025553e-09	2.864689e+01	2.904753e+02
4.920000e-06	5.277117e-09	1.016321e-09	2.822204e+01	2.878649e+02
4.930000e-06	5.197200e-09	1.006849e-09	2.779492e+01	2.851946e+02
4.940000e-06	5.116912e-09	9.976351e-10	2.736579e+01	2.825925e+02
4.950000e-06	5.036302e-09	9.882537e-10	2.693500e+01	2.799573e+02
4.960000e-06	4.955401e-09	9.782989e-10	2.650264e+01	2.771516e+02
4.970000e-06	4.874199e-09	9.681374e-10	2.606866e+01	2.742728e+02
4.980000e-06	4.792700e-09	9.579133e-10	2.563316e+01	2.713752e+02
4.990000e-06	4.710914e-09	9.475013e-10	2.519611e+01	2.684233e+02
5.000000e-06	4.628836e-09	9.372537e-10	2.475739e+01	2.655202e+02
5.010000e-06	4.546459e-09	9.273491e-10	2.431708e+01	2.627110e+02
5.020000e-06	4.463798e-09	9.171675e-10	2.387528e+01	2.598229e+02
5.030000e-06	4.380861e-09	9.064310e-10	2.343196e+01	2.567880e+02
5.040000e-06	4.297627e-09	8.952827e-10	2.298705e+01	2.536549e+02
5.050000e-06	4.214097e-09	8.837705e-10	2.254060e+01	2.504257e+02
5.060000e-06	4.130258e-09	8.723284e-10	2.209251e+01	2.471957e+02
5.070000e-06	4.046107e-09	8.609456e-10	2.164272e+01	2.439749e+02
5.080000e-06	3.961667e-09	8.491013e-10	2.119135e+01	2.406353e+02
5.090000e-06	3.876950e-09	8.372807e-10	2.073853e+01	2.372830e+02
5.100000e-06	3.791955e-09	8.258242e-10	2.028428e+01	2.340188e+02
5.110000e-06	3.706689e-09	8.138411e-10	1.982858e+01	2.306161e+02
5.120000e-06	3.621187e-09	8.010132e-10	1.937160e+01	2.269877e+02
5.130000e-06	3.535445e-09	7.882009e-10	1.891336e+01	2.233749e+02
5.140000e-06	3.449450e-09	7.759250e-10	1.845376e+01	2.199063e+02
5.150000e-06	3.363197e-09	7.637816e-10	1.799282e+01	2.164737e+02
5.160000e-06	3.276673e-09	7.513060e-10	1.753048e+01	2.129443e+02
5.170000e-06	3.189859e-09	7.382020e-10	1.706655e+01	2.092286e+02
5.180000e-06	3.102723e-09	7.243219e-10	1.660085e+01	2.052951e+02
5.190000e-06	3.015272e-09	7.102763e-10	1.613350e+01	2.013125e+02
5.200000e-06	2.927560e-09	6.966157e-10	1.566472e+01	1.974397e+02
5.210000e-06	2.839624e-09	6.830775e-10	1.519468e+01	1.936002e+02
5.220000e-06	2.751487e-09	6.694951e-10	1.472356e+01	1.897373e+02
5.230000e-06	2.663189e-09	6.558075e-10	1.425158e+01	1.858548e+02
5.240000e-06	2.574742e-09	6.418870e-10	1.377884e+01	1.819084e+02
5.250000e-06	2.486168e-09	6.277642e-10	1.330540e+01	1.779021e+02
5.260000e-06	2.397469e-09	6.126521e-10	1.283135e+01	1.736487e+02
5.270000e-06	2.308628e-09	5.964305e-10	1.235658e+01	1.691050e+02
5.280000e-06	2.219640e-09	5.804466e-10	1.188100e+01	1.646134e+02
5.290000e-06	2.130505e-09	5.653283e-10	1.140463e+01	1.603332e+02
5.300000e-06	2.041233e-09	5.507789e-10	1.092748e+01	1.561877e+02
5.310000e-06	1.951833e-09	5.361126e-10	1.044965e+01	1.520014e+02
5.320000e-06	1.862280e-09	5.207785e-10	9.971039e+00	1.476444e+02
5.330000e-06	1.772572e-09	5.048806e-10	9.491640e+00	1.431446e+02
5.340000e-06	1.682754e-09	4.887659e-10	9.011660e+00	1.385932e+02
5.350000e-06	1.592840e-09	4.724694e-10	8.531137e+00	1.340052e+02
5.360000e-06	1.502836e-09	4.558204e-10	8.050096e+00	1.293141e+02
5.370000e-06	1.412767e-09	4.391240e-10	7.568708e+00	1.245873e+02
5.380000e-06	1.322636e-09	4.227575e-10	7.086973e+00	1.199259e+02
5.390000e-06	1.232443e-09	4.068899e-10	6.604915e+00	1.153858e+02
5.400000e-06	1.142192e-09	3.910675e-10	6.122567e+00	1.108777e+02
5.410000e-06	1.051885e-09	3.746050e-10	5.639837e+00	1.062271e+02
5.420000e-06	9.615069e-10	3.574930e-10	5.156748e+00	1.014154e+02
5.430000e-06	8.710482e-10	3.402757e-10	4.673268e+00	9.656105e+01
5.440000e-06	7.805205e-10	3.232533e-10	4.189369e+00	9.174380e+01
5.450000e-06	6.899315e-10	3.062545e-10	3.705158e+00	8.693784e+01
5.460000e-06	5.992960e-10	2.892524e-10	3.220703e+00	8.211207e+01
5.470000e-06	5.086176e-10	2.724545e-10	2.736010e+00	7.732458e+01
5.480000e-06	4.178955e-10	2.559619e-10	2.251144e+00	7.262731e+01
5.490000e-06	3.271625e-10	2.397089e-10	1.766213e+00	6.800373e+01
5.500000e-06	2.364274e-10	2.234778e-10	1.281248e+00	6.340667e+01
5.510000e-06	1.456937e-10	2.066817e-10	7.963024e-01	5.866593e+01
5.520000e-06	5.497718e-11	1.893330e-10	3.114335e-01	5.375472e+01
5.530000e-06	-3.571473e-11	1.722058e-10	-1.732799e-01	4.887600e+01
5.540000e-06	-1.263901e-10	1.553065e-10	-6.579149e-01	4.406493e+01
5.550000e-06	-2.170735e-10	1.380793e-10	-1.142601e+00	3.918958e+01
5.560000e-06	-3.077632e-10	1.206764e-10	-1.627314e+00	3.426399e+01
5.570000e-06	-3.984303e-10	1.033410e-10	-2.111923e+00	2.934683e+01
5.580000e-06	-4.890825e-10	8.639066e-11	-2.596365e+00	2.453173e+01
5.590000e-06	-5.797277e-10	6.992722e-11	-3.080772e+00	1.984198e+01
5.600000e-06	-6.703259e-10	5.319410e-11	-3.564985e+00	1.507951e+01
5.610000e-06	-7.608771e-10	3.578618e-11	-4.048959e+00	1.013710e+01
5.620000e-06	-8.513859e-10	1.797887e-11	-4.532713e+00	5.080695e+00
5.630000e-06	-9.418133e-10	1.760388e-13	-5.015993e+00	1.830180e-02
5.640000e-06	-1.032137e-09	-1.736378e-11	-5.498762e+00	-4.963671e+00
5.650000e-06	-1.122396e-09	-3.510382e-11	-5.981212e+00	-9.975344e+00
5.660000e-06	-1.212588e-09	-5.322086e-11	-6.463295e+00	-1.510724e+01
5.670000e-06	-1.302675e-09	-7.100884e-11	-6.944850e+00	-2.018846e+01
5.680000e-06	-1.392672e-09	-8.820804e-11	-7.425915e+00	-2.510664e+01
5.690000e-06	-1.482578e-09	-1.055380e-10	-7.906457e+00	-3.004558e+01
5.700000e-06	-1.572379e-09	-1.238759e-10	-8.386484e+00	-3.525037e+01
5.710000e-06	-1.662074e-09	-1.433559e-10	-8.865946e+00	-4.074980e+01
5.720000e-06	-1.751672e-09	-1.632605e-10	-9.344865e+00	-4.637532e+01
5.730000e-06	-1.841182e-09	-1.827571e-10	-9.823280e+00	-5.191847e+01
5.740000e-06	-1.930584e-09	-2.020166e-10	-1.030107e+01	-5.738438e+01
5.750000e-06	-2.019862e-09	-2.214147e-10	-1.077825e+01	-6.287775e+01
5.760000e-06	-2.109009e-09	-2.407485e-10	-1.125476e+01	-6.839056e+01
5.770000e-06	-2.198010e-09	-2.598313e-10	-1.173049e+01	-7.384942e+01
5.780000e-06	-2.286864e-09	-2.789323e-10	-1.220543e+01	-7.928485e+01
5.790000e-06	-2.375580e-09	-2.983369e-10	-1.267958e+01	-8.478568e+01
5.800000e-06	-2.464127e-09	-3.184948e-10	-1.315282e+01	-9.048332e+01
5.810000e-06	-2.552484e-09	-3.393582e-10	-1.362507e+01	-9.636837e+01
5.820000e-06	-2.640666e-09	-3.598268e-10	-1.409638e+01	-1.021637e+02
5.830000e-06	-2.728654e-09	-3.791583e-10	-1.456667e+01	-1.076632e+02
5.840000e-06	-2.816441e-09	-3.976592e-10	-1.503594e+01	-1.129364e+02
5.850000e-06	-2.904037e-09	-4.160962e-10	-1.550418e+01	-1.181901e+02
5.860000e-06	-2.991427e-09	-4.346329e-10	-1.597132e+01	-1.234543e+02
5.870000e-06	-3.078561e-09	-4.531459e-10	-1.643706e+01	-1.286885e+02
5.880000e-06	-3.165437e-09	-4.715629e-10	-1.690141e+01	-1.339000e+02
5.890000e-06	-3.252066e-09	-4.899501e-10	-1.736452e+01	-1.391091e+02
5.900000e-06	-3.338434e-09	-5.084915e-10	-1.782623e+01	-1.443494e+02
5.910000e-06	-3.424534e-09	-5.268927e-10	-1.828644e+01	-1.495567e+02
5.920000e-06	-3.510360e-09	-5.444326e-10	-1.874516e+01	-1.545536e+02
5.930000e-06	-3.595916e-09	-5.614180e-10	-1.920241e+01	-1.593921e+02
5.940000e-06	-3.681192e-09	-5.784644e-10	-1.965822e+01	-1.642201e+02
5.950000e-06	-3.766184e-09	-5.955846e-10	-2.011256e+01	-1.690544e+02
5.960000e-06	-3.850867e-09	-6.129134e-10	-2.056528e+01	-1.739432e+02
5.970000e-06	-3.935248e-09	-6.303832e-10	-2.101644e+01	-1.788858e+02
5.980000e-06	-4.019333e-09	-6.472947e-10	-2.146599e+01	-1.836859e+02
5.990000e-06	-4.103137e-09	-6.629313e-10	-2.191396e+01	-1.881437e+02
6.000000e-06	-4.186675e-09	-6.783554e-10	-2.236049e+01	-1.925415e+02
6.010000e-06	-4.269937e-09	-6.944527e-10	-2.280554e+01	-1.971030e+02
6.020000e-06	-4.352954e-09	-7.099469e-10	-2.324922e+01	-2.014809e+02
6.030000e-06	-4.435715e-09	-7.248519e-10	-2.369154e+01	-2.056887e+02
6.040000e-06	-4.518173e-09	-7.404303e-10	-2.413228e+01	-2.100606e+02
6.050000e-06	-4.600294e-09	-7.559228e-10	-2.457131e+01	-2.144124e+02
6.060000e-06	-4.682085e-09	-7.705359e-10	-2.500860e+01	-2.185545e+02
6.070000e-06	-4.763578e-09	-7.846826e-10	-2.544421e+01	-2.225774e+02
6.080000e-06	-4.844783e-09	-7.983521e-10	-2.587828e+01	-2.264599e+02
6.090000e-06	-4.925707e-09	-8.116610e-10	-2.631087e+01	-2.302365e+02
6.100000e-06	-5.006345e-09	-8.252787e-10	-2.674192e+01	-2.340831e+02
6.110000e-06	-5.086643e-09	-8.391212e-10	-2.717117e+01	-2.379654e+02
6.120000e-06	-5.166563e-09	-8.523505e-10	-2.759843e+01	-2.416709e+02
6.130000e-06	-5.246068e-09	-8.650462e-10	-2.802346e+01	-2.452433e+02
6.140000e-06	-5.325131e-09	-8.774450e-10	-2.844609e+01	-2.487520e+02
6.150000e-06	-5.403748e-09	-8.894136e-10	-2.886631e+01	-2.521648e+02
6.160000e-06	-5.481923e-09	-9.013397e-10	-2.928416e+01	-2.555682e+02
6.170000e-06	-5.559643e-09	-9.132236e-10	-2.969963e+01	-2.589451e+02
6.180000e-06	-5.636866e-09	-9.247666e-10	-3.011249e+01	-2.622131e+02
6.190000e-06	-5.713565e-09	-9.362739e-10	-3.052262e+01	-2.654368e+02
6.200000e-06	-5.789733e-09	-9.479633e-10	-3.092990e+01	-2.686855e+02
6.210000e-06	-5.865411e-09	-9.592906e-10	-3.133450e+01	-2.718605e+02
6.220000e-06	-5.940662e-09	-9.699899e-10	-3.173678e+01	-2.748927e+02
6.230000e-06	-6.015504e-09	-9.804288e-10	-3.213687e+01	-2.778529e+02
6.240000e-06	-6.089929e-09	-9.907559e-10	-3.253475e+01	-2.807931e+02
6.250000e-06	-6.163923e-09	-1.000942e-09	-3.293032e+01	-2.837003e+02
6.260000e-06	-6.237484e-09	-1.010971e-09	-3.332360e+01	-2.865424e+02
6.270000e-06	-6.310654e-09	-1.020707e-09	-3.371474e+01	-2.892733e+02
6.280000e-06	-6.383477e-09	-1.029726e-09	-3.410399e+01	-2.918012e+02
6.290000e-06	-6.455934e-09	-1.038534e-09	-3.449134e+01	-2.942561e+02
6.300000e-06	-6.527968e-09	-1.048003e-09	-3.487653e+01	-2.968980e+02
6.310000e-06	-6.599528e-09	-1.057579e-09	-3.525917e+01	-2.996305e+02
6.320000e-06	-6.670564e-09	-1.066354e-09	-3.563902e+01	-3.021710e+02
6.330000e-06	-6.741037e-09	-1.074801e-09	-3.601590e+01	-3.045918e+02
6.340000e-06	-6.810942e-09	-1.083576e-09	-3.638975e+01	-3.070644e+02
6.350000e-06	-6.880309e-09	-1.092196e-09	-3.676068e+01	-3.094762e+02
6.360000e-06	-6.949150e-09	-1.100588e-09	-3.712878e+01	-3.118224e+02
6.370000e-06	-7.017453e-09	-1.109323e-09	-3.749406e+01	-3.142699e+02
6.380000e-06	-7.085255e-09	-1.118149e-09	-3.785666e+01	-3.167494e+02
6.390000e-06	-7.152605e-09	-1.126683e-09	-3.821678e+01	-3.191513e+02
6.400000e-06	-7.219534e-09	-1.135173e-09	-3.857458e+01	-3.215596e+02
6.410000e-06	-7.286023e-09	-1.143246e-09	-3.893010e+01	-3.238745e+02
6.420000e-06	-7.352009e-09	-1.150652e-09	-3.928304e+01	-3.259967e+02
6.430000e-06	-7.417495e-09	-1.157943e-09	-3.963326e+01	-3.280625e+02
6.440000e-06	-7.482514e-09	-1.165383e-09	-3.998092e+01	-3.301403e+02
6.450000e-06	-7.547053e-09	-1.172713e-09	-4.032598e+01	-3.321816e+02
6.460000e-06	-7.611070e-09	-1.179939e-09	-4.066826e+01	-3.342161e+02
6.470000e-06	-7.674545e-09	-1.187308e-09	-4.100768e+01	-3.362967e+02
6.480000e-06	-7.737425e-09	-1.194931e-09	-4.134393e+01	-3.384354e+02
6.490000e-06	-7.799635e-09	-1.202709e-09	-4.167665e+01	-3.406280e+02
6.500000e-06	-7.861189e-09	-1.210233e-09	-4.200593e+01	-3.427691e+02
6.510000e-06	-7.922161e-09	-1.217226e-09	-4.233203e+01	-3.447637e+02
6.520000e-06	-7.982550e-09	-1.223856e-09	-4.265499e+01	-3.466461e+02
6.530000e-06	-8.042366e-09	-1.230311e-09	-4.297485e+01	-3.484520e+02
6.540000e-06	-8.101680e-09	-1.236658e-09	-4.329194e+01	-3.502153e+02
6.550000e-06	-8.160504e-09	-1.243383e-09	-4.360642e+01	-3.521014e+02
6.560000e-06	-8.218780e-09	-1.250314e-09	-4.391804e+01	-3.540599e+02
6.570000e-06	-8.276453e-09	-1.256948e-09	-4.422644e+01	-3.559287e+02
6.580000e-06	-8.333553e-09	-1.263589e-09	-4.453174e+01	-3.577925e+02
6.590000e-06	-8.390122e-09	-1.270373e-09	-4.483418e+01	-3.596969e+02
6.600000e-06	-8.446124e-09	-1.276785e-09	-4.513363e+01	-3.615166e+02
6.610000e-06	-8.501489e-09	-1.282568e-09	-4.542972e+01	-3.631824e+02
6.620000e-06	-8.556136e-09	-1.288472e-09	-4.572195e+01	-3.648552e+02
6.630000e-06	-8.609997e-09	-1.294650e-09	-4.600999e+01	-3.665733e+02
6.640000e-06	-8.663061e-09	-1.300617e-09	-4.629386e+01	-3.682474e+02
6.650000e-06	-8.715393e-09	-1.306604e-09	-4.657374e+01	-3.699350e+02
6.660000e-06	-8.767063e-09	-1.312631e-09	-4.685002e+01	-3.716240e+02
6.670000e-06	-8.818103e-09	-1.318307e-09	-4.712293e+01	-3.732222e+02
6.680000e-06	-8.868487e-09	-1.323858e-09	-4.739236e+01	-3.747746e+02
6.690000e-06	-8.918138e-09	-1.329600e-09	-4.765792e+01	-3.763789e+02
6.700000e-06	-8.966982e-09	-1.335078e-09	-4.791922e+01	-3.779508e+02
6.710000e-06	-9.014977e-09	-1.340057e-09	-4.817603e+01	-3.793792e+02
6.720000e-06	-9.062209e-09	-1.344943e-09	-4.842872e+01	-3.807317e+02
6.730000e-06	-9.108792e-09	-1.350104e-09	-4.867787e+01	-3.821417e+02
6.740000e-06	-9.154772e-09	-1.355270e-09	-4.892377e+01	-3.835820e+02
6.750000e-06	-9.200163e-09	-1.360041e-09	-4.916651e+01	-3.849397e+02
6.760000e-06	-9.244974e-09	-1.364612e-09	-4.940613e+01	-3.862428e+02
6.770000e-06	-9.289255e-09	-1.369303e-09	-4.964289e+01	-3.875661e+02
6.780000e-06	-9.333026e-09	-1.374022e-09	-4.987692e+01	-3.888867e+02
6.790000e-06	-9.376254e-09	-1.378436e-09	-5.010810e+01	-3.901448e+02
6.800000e-06	-9.418898e-09	-1.382608e-09	-5.033621e+01	-3.913631e+02
6.810000e-06	-9.460928e-09	-1.386697e-09	-5.056103e+01	-3.925276e+02
6.820000e-06	-9.502322e-09	-1.390807e-09	-5.078243e+01	-3.936494e+02
6.830000e-06	-9.543086e-09	-1.395262e-09	-5.100049e+01	-3.948679e+02
6.840000e-06	-9.583277e-09	-1.399744e-09	-5.121544e+01	-3.961253e+02
6.850000e-06	-9.622900e-09	-1.403606e-09	-5.142733e+01	-3.972410e+02
6.860000e-06	-9.661801e-09	-1.407322e-09	-5.163544e+01	-3.983124e+02
6.870000e-06	-9.699790e-09	-1.411316e-09	-5.183878e+01	-3.994346e+02
6.880000e-06	-9.736875e-09	-1.415187e-09	-5.203726e+01	-4.005206e+02
6.890000e-06	-9.773233e-09	-1.418910e-09	-5.223178e+01	-4.015875e+02
6.900000e-06	-9.808976e-09	-1.422580e-09	-5.242297e+01	-4.026491e+02
6.910000e-06	-9.844107e-09	-1.426178e-09	-5.261087e+01	-4.036538e+02
6.920000e-06	-9.878587e-09	-1.429875e-09	-5.279525e+01	-4.046553e+02
6.930000e-06	-9.912382e-09	-1.433673e-09	-5.297595e+01	-4.057037e+02
6.940000e-06	-9.945486e-09	-1.436978e-09	-5.315295e+01	-4.066514e+02
6.950000e-06	-9.977959e-09	-1.439602e-09	-5.332662e+01	-4.074341e+02
6.960000e-06	-1.000985e-08	-1.442214e-09	-5.349721e+01	-4.082027e+02
6.970000e-06	-1.004105e-08	-1.445185e-09	-5.366409e+01	-4.090436e+02
6.980000e-06	-1.007133e-08	-1.448308e-09	-5.382616e+01	-4.099256e+02
6.990000e-06	-1.010062e-08	-1.451376e-09	-5.398294e+01	-4.108089e+02
7.000000e-06	-1.012909e-08	-1.454390e-09	-5.413530e+01	-4.116588e+02
7.010000e-06	-1.015694e-08	-1.457241e-09	-5.428426e+01	-4.124307e+02
7.020000e-06	-1.018417e-08	-1.459849e-09	-5.442988e+01	-4.131399e+02
7.030000e-06	-1.021069e-08	-1.462477e-09	-5.457177e+01	-4.138697e+02
7.040000e-06	-1.023645e-08	-1.464862e-09	-5.470970e+01	-4.145521e+02
7.050000e-06	-1.026149e-08	-1.466839e-09	-5.484372e+01	-4.151519e+02
7.060000e-06	-1.028592e-08	-1.469196e-09	-5.497435e+01	-4.158473e+02
7.070000e-06	-1.030982e-08	-1.471933e-09	-5.510214e+01	-4.166190e+02
7.080000e-06	-1.033306e-08	-1.474552e-09	-5.522655e+01	-4.173685e+02
7.090000e-06	-1.035538e-08	-1.476769e-09	-5.534617e+01	-4.180283e+02
7.100000e-06	-1.037667e-08	-1.478585e-09	-5.546032e+01	-4.185417e+02
7.110000e-06	-1.039715e-08	-1.480559e-09	-5.556989e+01	-4.190388e+02
7.120000e-06	-1.041701e-08	-1.482778e-09	-5.567614e+01	-4.196000e+02
7.130000e-06	-1.043624e-08	-1.484761e-09	-5.577909e+01	-4.201524e+02
7.140000e-06	-1.045477e-08	-1.486499e-09	-5.587833e+01	-4.206788e+02
7.150000e-06	-1.047259e-08	-1.488449e-09	-5.597368e+01	-4.212571e+02
7.160000e-06	-1.048969e-08	-1.490822e-09	-5.606513e+01	-4.219258e+02
7.170000e-06	-1.050611e-08	-1.493157e-09	-5.615300e+01	-4.225776e+02
7.180000e-06	-1.052195e-08	-1.494933e-09	-5.623776e+01	-4.230861e+02
7.190000e-06	-1.053701e-08	-1.496086e-09	-5.631846e+01	-4.234050e+02
7.200000e-06	-1.055095e-08	-1.497050e-09	-5.639334e+01	-4.236472e+02
7.210000e-06	-1.056381e-08	-1.498274e-09	-5.646242e+01	-4.239615e+02
7.220000e-06	-1.057585e-08	-1.499775e-09	-5.652695e+01	-4.243512e+02
7.230000e-06	-1.058717e-08	-1.501285e-09	-5.658759e+01	-4.247690e+02
7.240000e-06	-1.059774e-08	-1.502308e-09	-5.664433e+01	-4.251041e+02
7.250000e-06	-1.060760e-08	-1.503132e-09	-5.669714e+01	-4.253818e+02
7.260000e-06	-1.061672e-08	-1.504582e-09	-5.674597e+01	-4.257912e+02
7.270000e-06	-1.062518e-08	-1.506296e-09	-5.679118e+01	-4.262554e+02
7.280000e-06	-1.063305e-08	-1.507106e-09	-5.683330e+01	-4.264905e+02
7.290000e-06	-1.064022e-08	-1.507141e-09	-5.687179e+01	-4.265046e+02
7.300000e-06	-1.064639e-08	-1.507588e-09	-5.690508e+01	-4.265845e+02
7.310000e-06	-1.065151e-08	-1.508690e-09	-5.693271e+01	-4.268475e+02
7.320000e-06	-1.065585e-08	-1.509782e-09	-5.695596e+01	-4.271489e+02
7.330000e-06	-1.065958e-08	-1.510194e-09	-5.697598e+01	-4.272867e+02
7.340000e-06	-1.066265e-08	-1.510062e-09	-5.699255e+01	-4.272878e+02
7.350000e-06	-1.066505e-08	-1.510391e-09	-5.700549e+01	-4.274084e+02
7.360000e-06	-1.066674e-08	-1.511425e-09	-5.701470e+01	-4.276893e+02
7.370000e-06	-1.066768e-08	-1.512523e-09	-5.701987e+01	-4.279613e+02
