# Temperatura_=_19.190624999999997
# Concentracion g/m^3_=_10000.0
# C_Vs_to_Am_M_A/Vsm_=_254322799225.57578
# pendiente_HvsI_1/m_=_3716.3
# ordenada_HvsI_A/m_=_1297.0
# frecuencia_Hz_=_135562.1677369636
# Promedio de 32 ciclos

Tiempo_(s)	Campo_(V.s)	Magnetizacion_(V.s)	Campo_(kA/m)	Magnetizacion_(A/m)
0.000000e+00	-1.066361e-08	-1.555999e-09	-5.701607e+01	-4.203549e+02
1.000000e-08	-1.066353e-08	-1.555217e-09	-5.701559e+01	-4.201718e+02
2.000000e-08	-1.066282e-08	-1.554748e-09	-5.701177e+01	-4.200728e+02
3.000000e-08	-1.066119e-08	-1.554212e-09	-5.700298e+01	-4.199545e+02
4.000000e-08	-1.065853e-08	-1.553723e-09	-5.698870e+01	-4.198237e+02
5.000000e-08	-1.065505e-08	-1.553875e-09	-5.697005e+01	-4.198336e+02
6.000000e-08	-1.065100e-08	-1.553979e-09	-5.694837e+01	-4.198381e+02
7.000000e-08	-1.064640e-08	-1.554500e-09	-5.692369e+01	-4.199243e+02
8.000000e-08	-1.064109e-08	-1.557213e-09	-5.689524e+01	-4.205007e+02
9.000000e-08	-1.063492e-08	-1.557736e-09	-5.686222e+01	-4.206629e+02
1.000000e-07	-1.062772e-08	-1.545707e-09	-5.682362e+01	-4.179550e+02
1.100000e-07	-1.061928e-08	-1.533753e-09	-5.677830e+01	-4.151516e+02
1.200000e-07	-1.060955e-08	-1.545031e-09	-5.672611e+01	-4.175852e+02
1.300000e-07	-1.059901e-08	-1.573588e-09	-5.666964e+01	-4.240959e+02
1.400000e-07	-1.058816e-08	-1.570982e-09	-5.661149e+01	-4.236311e+02
1.500000e-07	-1.057673e-08	-1.522814e-09	-5.655023e+01	-4.124916e+02
1.600000e-07	-1.056430e-08	-1.516997e-09	-5.648371e+01	-4.109182e+02
1.700000e-07	-1.055111e-08	-1.570627e-09	-5.641309e+01	-4.234058e+02
1.800000e-07	-1.053733e-08	-1.566501e-09	-5.633926e+01	-4.227438e+02
1.900000e-07	-1.052252e-08	-1.514828e-09	-5.625987e+01	-4.107300e+02
2.000000e-07	-1.050660e-08	-1.541517e-09	-5.617467e+01	-4.166434e+02
2.100000e-07	-1.049007e-08	-1.588235e-09	-5.608614e+01	-4.273889e+02
2.200000e-07	-1.047293e-08	-1.540180e-09	-5.599437e+01	-4.162300e+02
2.300000e-07	-1.045493e-08	-1.504768e-09	-5.589810e+01	-4.079272e+02
2.400000e-07	-1.043624e-08	-1.551661e-09	-5.579811e+01	-4.190052e+02
2.500000e-07	-1.041699e-08	-1.549121e-09	-5.569507e+01	-4.187944e+02
2.600000e-07	-1.039701e-08	-1.503837e-09	-5.558822e+01	-4.082863e+02
2.700000e-07	-1.037632e-08	-1.542136e-09	-5.547757e+01	-4.171113e+02
2.800000e-07	-1.035499e-08	-1.580762e-09	-5.536348e+01	-4.261776e+02
2.900000e-07	-1.033288e-08	-1.535201e-09	-5.524516e+01	-4.152716e+02
3.000000e-07	-1.030993e-08	-1.532003e-09	-5.512242e+01	-4.139875e+02
3.100000e-07	-1.028640e-08	-1.571718e-09	-5.499656e+01	-4.231548e+02
3.200000e-07	-1.026234e-08	-1.531430e-09	-5.486782e+01	-4.138507e+02
3.300000e-07	-1.023754e-08	-1.493650e-09	-5.473510e+01	-4.048325e+02
3.400000e-07	-1.021188e-08	-1.535176e-09	-5.459780e+01	-4.146684e+02
3.500000e-07	-1.018534e-08	-1.532988e-09	-5.445584e+01	-4.146790e+02
3.600000e-07	-1.015797e-08	-1.495790e-09	-5.430943e+01	-4.059907e+02
3.700000e-07	-1.012992e-08	-1.535284e-09	-5.415942e+01	-4.151674e+02
3.800000e-07	-1.010125e-08	-1.561608e-09	-5.400613e+01	-4.217420e+02
3.900000e-07	-1.007187e-08	-1.523183e-09	-5.384897e+01	-4.126129e+02
4.000000e-07	-1.004174e-08	-1.535413e-09	-5.368780e+01	-4.150655e+02
4.100000e-07	-1.001087e-08	-1.557664e-09	-5.352275e+01	-4.205304e+02
4.200000e-07	-9.979335e-09	-1.526155e-09	-5.335414e+01	-4.131821e+02
4.300000e-07	-9.947247e-09	-1.529839e-09	-5.318255e+01	-4.135613e+02
4.400000e-07	-9.914556e-09	-1.548059e-09	-5.300768e+01	-4.178535e+02
4.500000e-07	-9.881020e-09	-1.523910e-09	-5.282825e+01	-4.124151e+02
4.600000e-07	-9.846504e-09	-1.521487e-09	-5.264360e+01	-4.115006e+02
4.700000e-07	-9.811132e-09	-1.536986e-09	-5.245441e+01	-4.149442e+02
4.800000e-07	-9.775112e-09	-1.522427e-09	-5.226176e+01	-4.117073e+02
4.900000e-07	-9.738531e-09	-1.515098e-09	-5.206610e+01	-4.097653e+02
5.000000e-07	-9.701329e-09	-1.518483e-09	-5.186712e+01	-4.102449e+02
5.100000e-07	-9.663423e-09	-1.508457e-09	-5.166437e+01	-4.080218e+02
5.200000e-07	-9.624800e-09	-1.509299e-09	-5.145785e+01	-4.081591e+02
5.300000e-07	-9.585530e-09	-1.514493e-09	-5.124794e+01	-4.090519e+02
5.400000e-07	-9.545692e-09	-1.502085e-09	-5.103495e+01	-4.061206e+02
5.500000e-07	-9.505233e-09	-1.496670e-09	-5.081853e+01	-4.048326e+02
5.600000e-07	-9.463951e-09	-1.500812e-09	-5.059768e+01	-4.055361e+02
5.700000e-07	-9.421707e-09	-1.493997e-09	-5.037172e+01	-4.038318e+02
5.800000e-07	-9.378597e-09	-1.486531e-09	-5.014111e+01	-4.020379e+02
5.900000e-07	-9.334816e-09	-1.484750e-09	-4.990694e+01	-4.013761e+02
6.000000e-07	-9.290478e-09	-1.480048e-09	-4.966986e+01	-4.001197e+02
6.100000e-07	-9.245575e-09	-1.476994e-09	-4.942974e+01	-3.993723e+02
6.200000e-07	-9.200044e-09	-1.475846e-09	-4.918622e+01	-3.989499e+02
6.300000e-07	-9.153856e-09	-1.470817e-09	-4.893918e+01	-3.976166e+02
6.400000e-07	-9.107029e-09	-1.465228e-09	-4.868870e+01	-3.962035e+02
6.500000e-07	-9.059569e-09	-1.460846e-09	-4.843482e+01	-3.949988e+02
6.600000e-07	-9.011453e-09	-1.456921e-09	-4.817747e+01	-3.939300e+02
6.700000e-07	-8.962569e-09	-1.453728e-09	-4.791607e+01	-3.930694e+02
6.800000e-07	-8.912802e-09	-1.448367e-09	-4.764996e+01	-3.916388e+02
6.900000e-07	-8.862136e-09	-1.442185e-09	-4.737897e+01	-3.900127e+02
7.000000e-07	-8.810616e-09	-1.439327e-09	-4.710335e+01	-3.892072e+02
7.100000e-07	-8.758319e-09	-1.435193e-09	-4.682360e+01	-3.880713e+02
7.200000e-07	-8.705338e-09	-1.428599e-09	-4.654022e+01	-3.863631e+02
7.300000e-07	-8.651759e-09	-1.424554e-09	-4.625363e+01	-3.852743e+02
7.400000e-07	-8.597613e-09	-1.420496e-09	-4.596401e+01	-3.841502e+02
7.500000e-07	-8.542940e-09	-1.413697e-09	-4.567162e+01	-3.823762e+02
7.600000e-07	-8.487763e-09	-1.409422e-09	-4.537659e+01	-3.812162e+02
7.700000e-07	-8.432045e-09	-1.406388e-09	-4.507865e+01	-3.803212e+02
7.800000e-07	-8.375752e-09	-1.399335e-09	-4.477756e+01	-3.784544e+02
7.900000e-07	-8.318840e-09	-1.391752e-09	-4.447318e+01	-3.764708e+02
8.000000e-07	-8.261225e-09	-1.387733e-09	-4.416511e+01	-3.753485e+02
8.100000e-07	-8.202841e-09	-1.383529e-09	-4.385292e+01	-3.742023e+02
8.200000e-07	-8.143730e-09	-1.377999e-09	-4.353681e+01	-3.727456e+02
8.300000e-07	-8.083984e-09	-1.373275e-09	-4.321726e+01	-3.714466e+02
8.400000e-07	-8.023659e-09	-1.367893e-09	-4.289463e+01	-3.699658e+02
8.500000e-07	-7.962814e-09	-1.361353e-09	-4.256926e+01	-3.682272e+02
8.600000e-07	-7.901480e-09	-1.355932e-09	-4.224129e+01	-3.667590e+02
8.700000e-07	-7.839629e-09	-1.350140e-09	-4.191056e+01	-3.651753e+02
8.800000e-07	-7.777269e-09	-1.342279e-09	-4.157709e+01	-3.631030e+02
8.900000e-07	-7.714451e-09	-1.335224e-09	-4.124121e+01	-3.612500e+02
9.000000e-07	-7.651166e-09	-1.330548e-09	-4.090278e+01	-3.599608e+02
9.100000e-07	-7.587373e-09	-1.325622e-09	-4.056157e+01	-3.586074e+02
9.200000e-07	-7.523034e-09	-1.319285e-09	-4.021750e+01	-3.569077e+02
9.300000e-07	-7.458103e-09	-1.313139e-09	-3.987030e+01	-3.552448e+02
9.400000e-07	-7.392541e-09	-1.306963e-09	-3.951971e+01	-3.535735e+02
9.500000e-07	-7.326308e-09	-1.300217e-09	-3.916558e+01	-3.517623e+02
9.600000e-07	-7.259491e-09	-1.293625e-09	-3.880834e+01	-3.499801e+02
9.700000e-07	-7.192199e-09	-1.286786e-09	-3.844849e+01	-3.481348e+02
9.800000e-07	-7.124424e-09	-1.278700e-09	-3.808604e+01	-3.459798e+02
9.900000e-07	-7.056158e-09	-1.270905e-09	-3.772104e+01	-3.438863e+02
1.000000e-06	-6.987432e-09	-1.264617e-09	-3.735358e+01	-3.421544e+02
1.010000e-06	-6.918259e-09	-1.258417e-09	-3.698371e+01	-3.404452e+02
1.020000e-06	-6.848648e-09	-1.250888e-09	-3.661148e+01	-3.384162e+02
1.030000e-06	-6.778612e-09	-1.242716e-09	-3.623698e+01	-3.362444e+02
1.040000e-06	-6.708134e-09	-1.234801e-09	-3.586011e+01	-3.341331e+02
1.050000e-06	-6.637198e-09	-1.226796e-09	-3.548079e+01	-3.319687e+02
1.060000e-06	-6.565811e-09	-1.218124e-09	-3.509905e+01	-3.296283e+02
1.070000e-06	-6.493948e-09	-1.209228e-09	-3.471475e+01	-3.272443e+02
1.080000e-06	-6.421580e-09	-1.200618e-09	-3.432771e+01	-3.249269e+02
1.090000e-06	-6.348686e-09	-1.192655e-09	-3.393784e+01	-3.227602e+02
1.100000e-06	-6.275237e-09	-1.185281e-09	-3.354505e+01	-3.207446e+02
1.110000e-06	-6.201263e-09	-1.177618e-09	-3.314952e+01	-3.186563e+02
1.120000e-06	-6.126767e-09	-1.168983e-09	-3.275120e+01	-3.163376e+02
1.130000e-06	-6.051756e-09	-1.159812e-09	-3.235011e+01	-3.138932e+02
1.140000e-06	-5.976240e-09	-1.150775e-09	-3.194624e+01	-3.114592e+02
1.150000e-06	-5.900214e-09	-1.142066e-09	-3.153966e+01	-3.090983e+02
1.160000e-06	-5.823776e-09	-1.133229e-09	-3.113093e+01	-3.067168e+02
1.170000e-06	-5.746965e-09	-1.124217e-09	-3.072021e+01	-3.043043e+02
1.180000e-06	-5.669732e-09	-1.115806e-09	-3.030723e+01	-3.020381e+02
1.190000e-06	-5.592050e-09	-1.107644e-09	-2.989187e+01	-2.998147e+02
1.200000e-06	-5.513889e-09	-1.098802e-09	-2.947390e+01	-2.974047e+02
1.210000e-06	-5.435246e-09	-1.089433e-09	-2.905339e+01	-2.948687e+02
1.220000e-06	-5.356143e-09	-1.079756e-09	-2.863044e+01	-2.922701e+02
1.230000e-06	-5.276587e-09	-1.069489e-09	-2.820506e+01	-2.895067e+02
1.240000e-06	-5.196583e-09	-1.059252e-09	-2.777724e+01	-2.867479e+02
1.250000e-06	-5.116170e-09	-1.049862e-09	-2.734717e+01	-2.842159e+02
1.260000e-06	-5.035364e-09	-1.040976e-09	-2.691502e+01	-2.818055e+02
1.270000e-06	-4.954157e-09	-1.031538e-09	-2.648079e+01	-2.792438e+02
1.280000e-06	-4.872603e-09	-1.021301e-09	-2.604475e+01	-2.764839e+02
1.290000e-06	-4.790742e-09	-1.010706e-09	-2.560710e+01	-2.736202e+02
1.300000e-06	-4.708616e-09	-9.997494e-10	-2.516800e+01	-2.706516e+02
1.310000e-06	-4.626234e-09	-9.883304e-10	-2.472753e+01	-2.675843e+02
1.320000e-06	-4.543591e-09	-9.773928e-10	-2.428569e+01	-2.646483e+02
1.330000e-06	-4.460673e-09	-9.670360e-10	-2.384240e+01	-2.618344e+02
1.340000e-06	-4.377442e-09	-9.563586e-10	-2.339745e+01	-2.589309e+02
1.350000e-06	-4.293892e-09	-9.457037e-10	-2.295078e+01	-2.560553e+02
1.360000e-06	-4.210038e-09	-9.350791e-10	-2.250247e+01	-2.531853e+02
1.370000e-06	-4.125899e-09	-9.235575e-10	-2.205260e+01	-2.500804e+02
1.380000e-06	-4.041496e-09	-9.113565e-10	-2.160133e+01	-2.467984e+02
1.390000e-06	-3.956858e-09	-8.995895e-10	-2.114884e+01	-2.436160e+02
1.400000e-06	-3.871993e-09	-8.879577e-10	-2.069516e+01	-2.404808e+02
1.410000e-06	-3.786912e-09	-8.756111e-10	-2.024029e+01	-2.371738e+02
1.420000e-06	-3.701638e-09	-8.629436e-10	-1.978437e+01	-2.337682e+02
1.430000e-06	-3.616165e-09	-8.500186e-10	-1.932738e+01	-2.302878e+02
1.440000e-06	-3.530456e-09	-8.371905e-10	-1.886916e+01	-2.268362e+02
1.450000e-06	-3.444500e-09	-8.254033e-10	-1.840961e+01	-2.236380e+02
1.460000e-06	-3.358315e-09	-8.136962e-10	-1.794882e+01	-2.204452e+02
1.470000e-06	-3.271916e-09	-8.008616e-10	-1.748695e+01	-2.169809e+02
1.480000e-06	-3.185305e-09	-7.877698e-10	-1.702393e+01	-2.134581e+02
1.490000e-06	-3.098472e-09	-7.749441e-10	-1.655968e+01	-2.099941e+02
1.500000e-06	-3.011429e-09	-7.612628e-10	-1.609430e+01	-2.063136e+02
1.510000e-06	-2.924166e-09	-7.463063e-10	-1.562772e+01	-2.023005e+02
1.520000e-06	-2.836692e-09	-7.311912e-10	-1.515999e+01	-1.982119e+02
1.530000e-06	-2.749035e-09	-7.167817e-10	-1.469129e+01	-1.942785e+02
1.540000e-06	-2.661187e-09	-7.028994e-10	-1.422162e+01	-1.904958e+02
1.550000e-06	-2.573169e-09	-6.894004e-10	-1.375102e+01	-1.868365e+02
1.560000e-06	-2.484990e-09	-6.760410e-10	-1.327952e+01	-1.832254e+02
1.570000e-06	-2.396635e-09	-6.616818e-10	-1.280709e+01	-1.793538e+02
1.580000e-06	-2.308094e-09	-6.459484e-10	-1.233373e+01	-1.751249e+02
1.590000e-06	-2.219359e-09	-6.301522e-10	-1.185933e+01	-1.708729e+02
1.600000e-06	-2.130451e-09	-6.146462e-10	-1.138394e+01	-1.666742e+02
1.610000e-06	-2.041389e-09	-5.984992e-10	-1.090772e+01	-1.622881e+02
1.620000e-06	-1.952176e-09	-5.819475e-10	-1.043068e+01	-1.578011e+02
1.630000e-06	-1.862807e-09	-5.662609e-10	-9.952781e+00	-1.535488e+02
1.640000e-06	-1.773277e-09	-5.514036e-10	-9.474014e+00	-1.495064e+02
1.650000e-06	-1.683609e-09	-5.361294e-10	-8.994539e+00	-1.453667e+02
1.660000e-06	-1.593811e-09	-5.195742e-10	-8.514404e+00	-1.409102e+02
1.670000e-06	-1.503902e-09	-5.021295e-10	-8.033682e+00	-1.362216e+02
1.680000e-06	-1.413910e-09	-4.848775e-10	-7.552532e+00	-1.315736e+02
1.690000e-06	-1.323842e-09	-4.681387e-10	-7.070966e+00	-1.270305e+02
1.700000e-06	-1.233706e-09	-4.512721e-10	-6.589026e+00	-1.224243e+02
1.710000e-06	-1.143508e-09	-4.337652e-10	-6.106753e+00	-1.176636e+02
1.720000e-06	-1.053249e-09	-4.162918e-10	-5.624106e+00	-1.129399e+02
1.730000e-06	-9.629051e-10	-3.995882e-10	-5.140985e+00	-1.084206e+02
1.740000e-06	-8.724743e-10	-3.830440e-10	-4.657493e+00	-1.039406e+02
1.750000e-06	-7.819602e-10	-3.656993e-10	-4.173577e+00	-9.925811e+01
1.760000e-06	-6.913570e-10	-3.479361e-10	-3.689135e+00	-9.446298e+01
1.770000e-06	-6.006719e-10	-3.302926e-10	-3.204237e+00	-8.968482e+01
1.780000e-06	-5.099073e-10	-3.126790e-10	-2.718911e+00	-8.490747e+01
1.790000e-06	-4.190908e-10	-2.954370e-10	-2.233302e+00	-8.022673e+01
1.800000e-06	-3.282383e-10	-2.785003e-10	-1.747528e+00	-7.561736e+01
1.810000e-06	-2.373549e-10	-2.608504e-10	-1.261644e+00	-7.082699e+01
1.820000e-06	-1.464767e-10	-2.426604e-10	-7.757765e-01	-6.591989e+01
1.830000e-06	-5.563493e-11	-2.253433e-10	-2.900463e-01	-6.124133e+01
1.840000e-06	3.516293e-11	-2.086443e-10	1.954410e-01	-5.669941e+01
1.850000e-06	1.259200e-10	-1.912660e-10	6.806747e-01	-5.195674e+01
1.860000e-06	2.166639e-10	-1.731286e-10	1.165813e+00	-4.702887e+01
1.870000e-06	3.074081e-10	-1.548516e-10	1.650928e+00	-4.209523e+01
1.880000e-06	3.981434e-10	-1.368971e-10	2.136014e+00	-3.724311e+01
1.890000e-06	4.888516e-10	-1.192836e-10	2.621022e+00	-3.246388e+01
1.900000e-06	5.795303e-10	-1.014451e-10	3.105874e+00	-2.763862e+01
1.910000e-06	6.701848e-10	-8.291327e-11	3.590555e+00	-2.264007e+01
1.920000e-06	7.608107e-10	-6.440549e-11	4.075091e+00	-1.762511e+01
1.930000e-06	8.513857e-10	-4.680809e-11	4.559374e+00	-1.282763e+01
1.940000e-06	9.418884e-10	-2.934457e-11	5.043283e+00	-8.052049e+00
1.950000e-06	1.032296e-09	-1.079498e-11	5.526668e+00	-2.998907e+00
1.960000e-06	1.122589e-09	8.785461e-12	6.009444e+00	2.289796e+00
1.970000e-06	1.212778e-09	2.846564e-11	6.491678e+00	7.579408e+00
1.980000e-06	1.302849e-09	4.757568e-11	6.973278e+00	1.273879e+01
1.990000e-06	1.392788e-09	6.673463e-11	7.454157e+00	1.794179e+01
2.000000e-06	1.482618e-09	8.655091e-11	7.934434e+00	2.332411e+01
2.010000e-06	1.572360e-09	1.065962e-10	8.414241e+00	2.876613e+01
2.020000e-06	1.662010e-09	1.263705e-10	8.893553e+00	3.414441e+01
2.030000e-06	1.751565e-09	1.457340e-10	9.372369e+00	3.941999e+01
2.040000e-06	1.841026e-09	1.653856e-10	9.850673e+00	4.476470e+01
2.050000e-06	1.930360e-09	1.860199e-10	1.032831e+01	5.034588e+01
2.060000e-06	2.019557e-09	2.071556e-10	1.080523e+01	5.603511e+01
2.070000e-06	2.108599e-09	2.281145e-10	1.128129e+01	6.168356e+01
2.080000e-06	2.197462e-09	2.485519e-10	1.175636e+01	6.722420e+01
2.090000e-06	2.286152e-09	2.685169e-10	1.223047e+01	7.266756e+01
2.100000e-06	2.374634e-09	2.883912e-10	1.270351e+01	7.808293e+01
2.110000e-06	2.462889e-09	3.086917e-10	1.317536e+01	8.358965e+01
2.120000e-06	2.550932e-09	3.291245e-10	1.364608e+01	8.912187e+01
2.130000e-06	2.638756e-09	3.492186e-10	1.411563e+01	9.456871e+01
2.140000e-06	2.726371e-09	3.695393e-10	1.458405e+01	1.000744e+02
2.150000e-06	2.813806e-09	3.901463e-10	1.505153e+01	1.056386e+02
2.160000e-06	2.901067e-09	4.106905e-10	1.551811e+01	1.111799e+02
2.170000e-06	2.988151e-09	4.308503e-10	1.598375e+01	1.166302e+02
2.180000e-06	3.075067e-09	4.503563e-10	1.644850e+01	1.219150e+02
2.190000e-06	3.161810e-09	4.693383e-10	1.691229e+01	1.270532e+02
2.200000e-06	3.248352e-09	4.881612e-10	1.737500e+01	1.321387e+02
2.210000e-06	3.334678e-09	5.073023e-10	1.783652e+01	1.373051e+02
2.220000e-06	3.420773e-09	5.263806e-10	1.829678e+01	1.424587e+02
2.230000e-06	3.506610e-09	5.443869e-10	1.875571e+01	1.473348e+02
2.240000e-06	3.592182e-09	5.618114e-10	1.921321e+01	1.520555e+02
2.250000e-06	3.677511e-09	5.795287e-10	1.966939e+01	1.568402e+02
2.260000e-06	3.762608e-09	5.972426e-10	2.012434e+01	1.616113e+02
2.270000e-06	3.847474e-09	6.144955e-10	2.057809e+01	1.662678e+02
2.280000e-06	3.932124e-09	6.310127e-10	2.103069e+01	1.707411e+02
2.290000e-06	4.016565e-09	6.470161e-10	2.148214e+01	1.750753e+02
2.300000e-06	4.100774e-09	6.632616e-10	2.193234e+01	1.794639e+02
2.310000e-06	4.184736e-09	6.796875e-10	2.238120e+01	1.839062e+02
2.320000e-06	4.268426e-09	6.955006e-10	2.282864e+01	1.882055e+02
2.330000e-06	4.351822e-09	7.105908e-10	2.327453e+01	1.923041e+02
2.340000e-06	4.434915e-09	7.255183e-10	2.371880e+01	1.963265e+02
2.350000e-06	4.517688e-09	7.405921e-10	2.416135e+01	2.003751e+02
2.360000e-06	4.600153e-09	7.557170e-10	2.460221e+01	2.044418e+02
2.370000e-06	4.682302e-09	7.704593e-10	2.504137e+01	2.084176e+02
2.380000e-06	4.764120e-09	7.845554e-10	2.547880e+01	2.122351e+02
2.390000e-06	4.845588e-09	7.983737e-10	2.591431e+01	2.159816e+02
2.400000e-06	4.926667e-09	8.121832e-10	2.634775e+01	2.197164e+02
2.410000e-06	5.007352e-09	8.259288e-10	2.677914e+01	2.234288e+02
2.420000e-06	5.087649e-09	8.391100e-10	2.720845e+01	2.269890e+02
2.430000e-06	5.167564e-09	8.516995e-10	2.763573e+01	2.303730e+02
2.440000e-06	5.247112e-09	8.643613e-10	2.806106e+01	2.337556e+02
2.450000e-06	5.326298e-09	8.771185e-10	2.848439e+01	2.371803e+02
2.460000e-06	5.405112e-09	8.897142e-10	2.890570e+01	2.405981e+02
2.470000e-06	5.483532e-09	9.020654e-10	2.932490e+01	2.439582e+02
2.480000e-06	5.561514e-09	9.140605e-10	2.974173e+01	2.472145e+02
2.490000e-06	5.639054e-09	9.255461e-10	3.015619e+01	2.503274e+02
2.500000e-06	5.716180e-09	9.366526e-10	3.056849e+01	2.533243e+02
2.510000e-06	5.792879e-09	9.480822e-10	3.097851e+01	2.563984e+02
2.520000e-06	5.869143e-09	9.596852e-10	3.138619e+01	2.595133e+02
2.530000e-06	5.944940e-09	9.709400e-10	3.179142e+01	2.625203e+02
2.540000e-06	6.020198e-09	9.824051e-10	3.219377e+01	2.655803e+02
2.550000e-06	6.094909e-09	9.943460e-10	3.259315e+01	2.687953e+02
2.560000e-06	6.169079e-09	1.005780e-09	3.298968e+01	2.719101e+02
2.570000e-06	6.242735e-09	1.016040e-09	3.338350e+01	2.747164e+02
2.580000e-06	6.315910e-09	1.026035e-09	3.377469e+01	2.774236e+02
2.590000e-06	6.388596e-09	1.036324e-09	3.416327e+01	2.801909e+02
2.600000e-06	6.460798e-09	1.046603e-09	3.454926e+01	2.829618e+02
2.610000e-06	6.532535e-09	1.057053e-09	3.493273e+01	2.857826e+02
2.620000e-06	6.603808e-09	1.067994e-09	3.531375e+01	2.887250e+02
2.630000e-06	6.674629e-09	1.078824e-09	3.569239e+01	2.916177e+02
2.640000e-06	6.745002e-09	1.089071e-09	3.606859e+01	2.943681e+02
2.650000e-06	6.814880e-09	1.099091e-09	3.644217e+01	2.970862e+02
2.660000e-06	6.884272e-09	1.108735e-09	3.681317e+01	2.997139e+02
2.670000e-06	6.953218e-09	1.117872e-09	3.718179e+01	3.021957e+02
2.680000e-06	7.021736e-09	1.126694e-09	3.754810e+01	3.045596e+02
2.690000e-06	7.089811e-09	1.135661e-09	3.791199e+01	3.069476e+02
2.700000e-06	7.157406e-09	1.145131e-09	3.827328e+01	3.094865e+02
2.710000e-06	7.224476e-09	1.154775e-09	3.863182e+01	3.120821e+02
2.720000e-06	7.290968e-09	1.164264e-09	3.898729e+01	3.146435e+02
2.730000e-06	7.356855e-09	1.173430e-09	3.933952e+01	3.171278e+02
2.740000e-06	7.422147e-09	1.182270e-09	3.968855e+01	3.195269e+02
2.750000e-06	7.486866e-09	1.190688e-09	4.003452e+01	3.218051e+02
2.760000e-06	7.551010e-09	1.198682e-09	4.037747e+01	3.239600e+02
2.770000e-06	7.614638e-09	1.206689e-09	4.071766e+01	3.261012e+02
2.780000e-06	7.677792e-09	1.215025e-09	4.105526e+01	3.283154e+02
2.790000e-06	7.740447e-09	1.223442e-09	4.139017e+01	3.305837e+02
2.800000e-06	7.802592e-09	1.231631e-09	4.172237e+01	3.328300e+02
2.810000e-06	7.864216e-09	1.239732e-09	4.205177e+01	3.350464e+02
2.820000e-06	7.925339e-09	1.247665e-09	4.237854e+01	3.371961e+02
2.830000e-06	7.986004e-09	1.255604e-09	4.270287e+01	3.393326e+02
2.840000e-06	8.046214e-09	1.263689e-09	4.302473e+01	3.414910e+02
2.850000e-06	8.105916e-09	1.271516e-09	4.334391e+01	3.435767e+02
2.860000e-06	8.165027e-09	1.278840e-09	4.365996e+01	3.455485e+02
2.870000e-06	8.223441e-09	1.285926e-09	4.397232e+01	3.474671e+02
2.880000e-06	8.281096e-09	1.293041e-09	4.428062e+01	3.493926e+02
2.890000e-06	8.338036e-09	1.299960e-09	4.458507e+01	3.512886e+02
2.900000e-06	8.394325e-09	1.306661e-09	4.488603e+01	3.531337e+02
2.910000e-06	8.450029e-09	1.313447e-09	4.518383e+01	3.549753e+02
2.920000e-06	8.505194e-09	1.320622e-09	4.547871e+01	3.568911e+02
2.930000e-06	8.559807e-09	1.327845e-09	4.577066e+01	3.588096e+02
2.940000e-06	8.613848e-09	1.334442e-09	4.605955e+01	3.605858e+02
2.950000e-06	8.667293e-09	1.340528e-09	4.634525e+01	3.622483e+02
2.960000e-06	8.720113e-09	1.346634e-09	4.662765e+01	3.639103e+02
2.970000e-06	8.772265e-09	1.352667e-09	4.690646e+01	3.655467e+02
2.980000e-06	8.823674e-09	1.358648e-09	4.718136e+01	3.671750e+02
2.990000e-06	8.874267e-09	1.364971e-09	4.745195e+01	3.688881e+02
3.000000e-06	8.923996e-09	1.371447e-09	4.771790e+01	3.706256e+02
3.010000e-06	8.972900e-09	1.377830e-09	4.797933e+01	3.723359e+02
3.020000e-06	9.021094e-09	1.384056e-09	4.823692e+01	3.740062e+02
3.030000e-06	9.068664e-09	1.390022e-09	4.849118e+01	3.756119e+02
3.040000e-06	9.115637e-09	1.395733e-09	4.874222e+01	3.771605e+02
3.050000e-06	9.161969e-09	1.401252e-09	4.898985e+01	3.786584e+02
3.060000e-06	9.207634e-09	1.406677e-09	4.923393e+01	3.801207e+02
3.070000e-06	9.252664e-09	1.412003e-09	4.947464e+01	3.815507e+02
3.080000e-06	9.297132e-09	1.417205e-09	4.971234e+01	3.829576e+02
3.090000e-06	9.341092e-09	1.422221e-09	4.994734e+01	3.843268e+02
3.100000e-06	9.384503e-09	1.427314e-09	5.017947e+01	3.857032e+02
3.110000e-06	9.427220e-09	1.432642e-09	5.040787e+01	3.871365e+02
3.120000e-06	9.469082e-09	1.437879e-09	5.063167e+01	3.885564e+02
3.130000e-06	9.510073e-09	1.442857e-09	5.085082e+01	3.898950e+02
3.140000e-06	9.550328e-09	1.447597e-09	5.106602e+01	3.911574e+02
3.150000e-06	9.589969e-09	1.452069e-09	5.127794e+01	3.923496e+02
3.160000e-06	9.629016e-09	1.456570e-09	5.148667e+01	3.935430e+02
3.170000e-06	9.667413e-09	1.461248e-09	5.169195e+01	3.947742e+02
3.180000e-06	9.705122e-09	1.465699e-09	5.189359e+01	3.959743e+02
3.190000e-06	9.742153e-09	1.469752e-09	5.209158e+01	3.970941e+02
3.200000e-06	9.778572e-09	1.473709e-09	5.228626e+01	3.981649e+02
3.210000e-06	9.814450e-09	1.477752e-09	5.247804e+01	3.992518e+02
3.220000e-06	9.849713e-09	1.481588e-09	5.266655e+01	4.002935e+02
3.230000e-06	9.884139e-09	1.485056e-09	5.285056e+01	4.012213e+02
3.240000e-06	9.917603e-09	1.488712e-09	5.302943e+01	4.021843e+02
3.250000e-06	9.950230e-09	1.492807e-09	5.320378e+01	4.032801e+02
3.260000e-06	9.982209e-09	1.496649e-09	5.337466e+01	4.043145e+02
3.270000e-06	1.001359e-08	1.500118e-09	5.354239e+01	4.052497e+02
3.280000e-06	1.004432e-08	1.503349e-09	5.370670e+01	4.061386e+02
3.290000e-06	1.007438e-08	1.506261e-09	5.386733e+01	4.069355e+02
3.300000e-06	1.010375e-08	1.509118e-09	5.402423e+01	4.077017e+02
3.310000e-06	1.013243e-08	1.512077e-09	5.417758e+01	4.084926e+02
3.320000e-06	1.016054e-08	1.514860e-09	5.432787e+01	4.092400e+02
3.330000e-06	1.018809e-08	1.517488e-09	5.447506e+01	4.099498e+02
3.340000e-06	1.021485e-08	1.520381e-09	5.461799e+01	4.107175e+02
3.350000e-06	1.024059e-08	1.523252e-09	5.475549e+01	4.114758e+02
3.360000e-06	1.026538e-08	1.525789e-09	5.488792e+01	4.121570e+02
3.370000e-06	1.028943e-08	1.528126e-09	5.501641e+01	4.127906e+02
3.380000e-06	1.031281e-08	1.530204e-09	5.514138e+01	4.133576e+02
3.390000e-06	1.033552e-08	1.532212e-09	5.526272e+01	4.139037e+02
3.400000e-06	1.035754e-08	1.534409e-09	5.538038e+01	4.144897e+02
3.410000e-06	1.037884e-08	1.536579e-09	5.549422e+01	4.150637e+02
3.420000e-06	1.039948e-08	1.538521e-09	5.560446e+01	4.155797e+02
3.430000e-06	1.041957e-08	1.540351e-09	5.571178e+01	4.160659e+02
3.440000e-06	1.043910e-08	1.542059e-09	5.581612e+01	4.165254e+02
3.450000e-06	1.045787e-08	1.543538e-09	5.591645e+01	4.169311e+02
3.460000e-06	1.047578e-08	1.544838e-09	5.601214e+01	4.172905e+02
3.470000e-06	1.049291e-08	1.546178e-09	5.610367e+01	4.176495e+02
3.480000e-06	1.050931e-08	1.547805e-09	5.619136e+01	4.180827e+02
3.490000e-06	1.052487e-08	1.549465e-09	5.627456e+01	4.185395e+02
3.500000e-06	1.053955e-08	1.550873e-09	5.635302e+01	4.189301e+02
3.510000e-06	1.055344e-08	1.552030e-09	5.642724e+01	4.192443e+02
3.520000e-06	1.056660e-08	1.553097e-09	5.649755e+01	4.195243e+02
3.530000e-06	1.057904e-08	1.554128e-09	5.656400e+01	4.197902e+02
3.540000e-06	1.059074e-08	1.555030e-09	5.662655e+01	4.200357e+02
3.550000e-06	1.060156e-08	1.555881e-09	5.668425e+01	4.202744e+02
3.560000e-06	1.061126e-08	1.556690e-09	5.673602e+01	4.205023e+02
3.570000e-06	1.061995e-08	1.557384e-09	5.678250e+01	4.206962e+02
3.580000e-06	1.062795e-08	1.558160e-09	5.682522e+01	4.209046e+02
3.590000e-06	1.063532e-08	1.559149e-09	5.686456e+01	4.211726e+02
3.600000e-06	1.064196e-08	1.559806e-09	5.690005e+01	4.213414e+02
3.610000e-06	1.064783e-08	1.560059e-09	5.693140e+01	4.213902e+02
3.620000e-06	1.065294e-08	1.560613e-09	5.695861e+01	4.215206e+02
3.630000e-06	1.065737e-08	1.561640e-09	5.698225e+01	4.217839e+02
3.640000e-06	1.066128e-08	1.562280e-09	5.700307e+01	4.219660e+02
3.650000e-06	1.066453e-08	1.562238e-09	5.702039e+01	4.219804e+02
3.660000e-06	1.066683e-08	1.562215e-09	5.703263e+01	4.219927e+02
3.670000e-06	1.066807e-08	1.562420e-09	5.703926e+01	4.220450e+02
3.680000e-06	1.066848e-08	1.562481e-09	5.704142e+01	4.220509e+02
3.690000e-06	1.066830e-08	1.562327e-09	5.704034e+01	4.220031e+02
3.700000e-06	1.066747e-08	1.562141e-09	5.703580e+01	4.219321e+02
3.710000e-06	1.066593e-08	1.561917e-09	5.702750e+01	4.218439e+02
3.720000e-06	1.066371e-08	1.562136e-09	5.701557e+01	4.218793e+02
3.730000e-06	1.066080e-08	1.562211e-09	5.699994e+01	4.219158e+02
3.740000e-06	1.065726e-08	1.561468e-09	5.698096e+01	4.217616e+02
3.750000e-06	1.065323e-08	1.560544e-09	5.695936e+01	4.215442e+02
3.760000e-06	1.064868e-08	1.557049e-09	5.693494e+01	4.207615e+02
3.770000e-06	1.064330e-08	1.552244e-09	5.690612e+01	4.195975e+02
3.780000e-06	1.063676e-08	1.565273e-09	5.687107e+01	4.224805e+02
3.790000e-06	1.062891e-08	1.584704e-09	5.682891e+01	4.268659e+02
3.800000e-06	1.061975e-08	1.569888e-09	5.677986e+01	4.234841e+02
3.810000e-06	1.060969e-08	1.526609e-09	5.672605e+01	4.134946e+02
3.820000e-06	1.059935e-08	1.524937e-09	5.667080e+01	4.129742e+02
3.830000e-06	1.058885e-08	1.579679e-09	5.661458e+01	4.255521e+02
3.840000e-06	1.057761e-08	1.587028e-09	5.655438e+01	4.272430e+02
3.850000e-06	1.056535e-08	1.528830e-09	5.648880e+01	4.136768e+02
3.860000e-06	1.055243e-08	1.525120e-09	5.641975e+01	4.125240e+02
3.870000e-06	1.053885e-08	1.574958e-09	5.634711e+01	4.239106e+02
3.880000e-06	1.052413e-08	1.552607e-09	5.626837e+01	4.188245e+02
3.890000e-06	1.050839e-08	1.501496e-09	5.618419e+01	4.071038e+02
3.900000e-06	1.049206e-08	1.543372e-09	5.609683e+01	4.167973e+02
3.910000e-06	1.047509e-08	1.589070e-09	5.600601e+01	4.273443e+02
3.920000e-06	1.045729e-08	1.537609e-09	5.591084e+01	4.151460e+02
3.930000e-06	1.043880e-08	1.511044e-09	5.581199e+01	4.086923e+02
3.940000e-06	1.041972e-08	1.557969e-09	5.570989e+01	4.196567e+02
3.950000e-06	1.039991e-08	1.542890e-09	5.560390e+01	4.163207e+02
3.960000e-06	1.037932e-08	1.494604e-09	5.549372e+01	4.052049e+02
3.970000e-06	1.035789e-08	1.539387e-09	5.537909e+01	4.156921e+02
3.980000e-06	1.033545e-08	1.577114e-09	5.525909e+01	4.245421e+02
3.990000e-06	1.031207e-08	1.530863e-09	5.513404e+01	4.136088e+02
4.000000e-06	1.028803e-08	1.532500e-09	5.500546e+01	4.135747e+02
4.010000e-06	1.026337e-08	1.572544e-09	5.487356e+01	4.227821e+02
4.020000e-06	1.023801e-08	1.528681e-09	5.473793e+01	4.124946e+02
4.030000e-06	1.021196e-08	1.491256e-09	5.459861e+01	4.034745e+02
4.040000e-06	1.018519e-08	1.529175e-09	5.445545e+01	4.124383e+02
4.050000e-06	1.015775e-08	1.517820e-09	5.430870e+01	4.102149e+02
4.060000e-06	1.012975e-08	1.481873e-09	5.415895e+01	4.018950e+02
4.070000e-06	1.010109e-08	1.522113e-09	5.400566e+01	4.115402e+02
4.080000e-06	1.007151e-08	1.537348e-09	5.384749e+01	4.156310e+02
4.090000e-06	1.004094e-08	1.505657e-09	5.368396e+01	4.081396e+02
4.100000e-06	1.000946e-08	1.529953e-09	5.351554e+01	4.137674e+02
4.110000e-06	9.977248e-09	1.540676e-09	5.334321e+01	4.166100e+02
4.120000e-06	9.944397e-09	1.514089e-09	5.316753e+01	4.102161e+02
4.130000e-06	9.910897e-09	1.529285e-09	5.298838e+01	4.134521e+02
4.140000e-06	9.876754e-09	1.528841e-09	5.280577e+01	4.135607e+02
4.150000e-06	9.842013e-09	1.507990e-09	5.261995e+01	4.087229e+02
4.160000e-06	9.806691e-09	1.524554e-09	5.243099e+01	4.122019e+02
4.170000e-06	9.770786e-09	1.518600e-09	5.223889e+01	4.107171e+02
4.180000e-06	9.734218e-09	1.501297e-09	5.204327e+01	4.067722e+02
4.190000e-06	9.696807e-09	1.518704e-09	5.184321e+01	4.105744e+02
4.200000e-06	9.658419e-09	1.507708e-09	5.163794e+01	4.077401e+02
4.210000e-06	9.619158e-09	1.485561e-09	5.142794e+01	4.026445e+02
4.220000e-06	9.579227e-09	1.502659e-09	5.121431e+01	4.065999e+02
4.230000e-06	9.538691e-09	1.502392e-09	5.099745e+01	4.062980e+02
4.240000e-06	9.497493e-09	1.483976e-09	5.077711e+01	4.019054e+02
4.250000e-06	9.455584e-09	1.491099e-09	5.055300e+01	4.034658e+02
4.260000e-06	9.413024e-09	1.491261e-09	5.032544e+01	4.032496e+02
4.270000e-06	9.369896e-09	1.476237e-09	5.009482e+01	3.995893e+02
4.280000e-06	9.326250e-09	1.475056e-09	4.986137e+01	3.992353e+02
4.290000e-06	9.282087e-09	1.475093e-09	4.962518e+01	3.991254e+02
4.300000e-06	9.237333e-09	1.466690e-09	4.938589e+01	3.970574e+02
4.310000e-06	9.191913e-09	1.464178e-09	4.914299e+01	3.963636e+02
4.320000e-06	9.145792e-09	1.465307e-09	4.889629e+01	3.964989e+02
4.330000e-06	9.098988e-09	1.462003e-09	4.864595e+01	3.955673e+02
4.340000e-06	9.051487e-09	1.455184e-09	4.839190e+01	3.937354e+02
4.350000e-06	9.003260e-09	1.447880e-09	4.813404e+01	3.918288e+02
4.360000e-06	8.954334e-09	1.443194e-09	4.787242e+01	3.906179e+02
4.370000e-06	8.904674e-09	1.440389e-09	4.760683e+01	3.898304e+02
4.380000e-06	8.854278e-09	1.435317e-09	4.733731e+01	3.885026e+02
4.390000e-06	8.803228e-09	1.431520e-09	4.706431e+01	3.874888e+02
4.400000e-06	8.751550e-09	1.430116e-09	4.678792e+01	3.869767e+02
4.410000e-06	8.699174e-09	1.424163e-09	4.650778e+01	3.853660e+02
4.420000e-06	8.646043e-09	1.416441e-09	4.622364e+01	3.833622e+02
4.430000e-06	8.592155e-09	1.413220e-09	4.593548e+01	3.823977e+02
4.440000e-06	8.537516e-09	1.407788e-09	4.564324e+01	3.809255e+02
4.450000e-06	8.482163e-09	1.399076e-09	4.534716e+01	3.787455e+02
4.460000e-06	8.426182e-09	1.396072e-09	4.504775e+01	3.779226e+02
4.470000e-06	8.369646e-09	1.395850e-09	4.474542e+01	3.777186e+02
4.480000e-06	8.312547e-09	1.390141e-09	4.444008e+01	3.761921e+02
4.490000e-06	8.254833e-09	1.382720e-09	4.413143e+01	3.742431e+02
4.500000e-06	8.196518e-09	1.378177e-09	4.381957e+01	3.729580e+02
4.510000e-06	8.137672e-09	1.371876e-09	4.350486e+01	3.712393e+02
4.520000e-06	8.078306e-09	1.364122e-09	4.318733e+01	3.691938e+02
4.530000e-06	8.018392e-09	1.359382e-09	4.286687e+01	3.678788e+02
4.540000e-06	7.957898e-09	1.354385e-09	4.254334e+01	3.665149e+02
4.550000e-06	7.896787e-09	1.347412e-09	4.221655e+01	3.647081e+02
4.560000e-06	7.835057e-09	1.342628e-09	4.188650e+01	3.634133e+02
4.570000e-06	7.772714e-09	1.338399e-09	4.155317e+01	3.622051e+02
4.580000e-06	7.709761e-09	1.331099e-09	4.121652e+01	3.602489e+02
4.590000e-06	7.646232e-09	1.323482e-09	4.087678e+01	3.582161e+02
4.600000e-06	7.582163e-09	1.317651e-09	4.053416e+01	3.566013e+02
4.610000e-06	7.517554e-09	1.311498e-09	4.018868e+01	3.549251e+02
4.620000e-06	7.452423e-09	1.304815e-09	3.984040e+01	3.531267e+02
4.630000e-06	7.386779e-09	1.298227e-09	3.948936e+01	3.513323e+02
4.640000e-06	7.320601e-09	1.290664e-09	3.913546e+01	3.493100e+02
4.650000e-06	7.253924e-09	1.282434e-09	3.877890e+01	3.471424e+02
4.660000e-06	7.186798e-09	1.275592e-09	3.841994e+01	3.452834e+02
4.670000e-06	7.119225e-09	1.269492e-09	3.805858e+01	3.435797e+02
4.680000e-06	7.051176e-09	1.262185e-09	3.769466e+01	3.416071e+02
4.690000e-06	6.982629e-09	1.254386e-09	3.732806e+01	3.395228e+02
4.700000e-06	6.913573e-09	1.247824e-09	3.695878e+01	3.377133e+02
4.710000e-06	6.844006e-09	1.241373e-09	3.658679e+01	3.359331e+02
4.720000e-06	6.773913e-09	1.233527e-09	3.621197e+01	3.338384e+02
4.730000e-06	6.703246e-09	1.225415e-09	3.583410e+01	3.316897e+02
4.740000e-06	6.632013e-09	1.218041e-09	3.545313e+01	3.297255e+02
4.750000e-06	6.560257e-09	1.210445e-09	3.506932e+01	3.276888e+02
4.760000e-06	6.488026e-09	1.202563e-09	3.468307e+01	3.255416e+02
4.770000e-06	6.415383e-09	1.195335e-09	3.429465e+01	3.235396e+02
4.780000e-06	6.342334e-09	1.187775e-09	3.390403e+01	3.214735e+02
4.790000e-06	6.268855e-09	1.178920e-09	3.351113e+01	3.190997e+02
4.800000e-06	6.194934e-09	1.170162e-09	3.311586e+01	3.167464e+02
4.810000e-06	6.120585e-09	1.162106e-09	3.271828e+01	3.145636e+02
4.820000e-06	6.045821e-09	1.153252e-09	3.231848e+01	3.121928e+02
4.830000e-06	5.970638e-09	1.143820e-09	3.191645e+01	3.096858e+02
4.840000e-06	5.895010e-09	1.135165e-09	3.151209e+01	3.073531e+02
4.850000e-06	5.818932e-09	1.126875e-09	3.110535e+01	3.050767e+02
4.860000e-06	5.742388e-09	1.118178e-09	3.069609e+01	3.026913e+02
4.870000e-06	5.665332e-09	1.109323e-09	3.028412e+01	3.002908e+02
4.880000e-06	5.587785e-09	1.100217e-09	2.986962e+01	2.978509e+02
4.890000e-06	5.509768e-09	1.090633e-09	2.945250e+01	2.952944e+02
4.900000e-06	5.431255e-09	1.080906e-09	2.903261e+01	2.926861e+02
4.910000e-06	5.352241e-09	1.071351e-09	2.861010e+01	2.901093e+02
4.920000e-06	5.272767e-09	1.061635e-09	2.818512e+01	2.874894e+02
4.930000e-06	5.192878e-09	1.051965e-09	2.775793e+01	2.848759e+02
4.940000e-06	5.112614e-09	1.042884e-09	2.732879e+01	2.824098e+02
4.950000e-06	5.032021e-09	1.033798e-09	2.689789e+01	2.799435e+02
4.960000e-06	4.951141e-09	1.024007e-09	2.646542e+01	2.772971e+02
4.970000e-06	4.869985e-09	1.013431e-09	2.603149e+01	2.744673e+02
4.980000e-06	4.788539e-09	1.002220e-09	2.559605e+01	2.714915e+02
4.990000e-06	4.706790e-09	9.912668e-10	2.515903e+01	2.685569e+02
5.000000e-06	4.624731e-09	9.810391e-10	2.472032e+01	2.657658e+02
5.010000e-06	4.542367e-09	9.707659e-10	2.427990e+01	2.629554e+02
5.020000e-06	4.459711e-09	9.599470e-10	2.383790e+01	2.600215e+02
5.030000e-06	4.376769e-09	9.488855e-10	2.339442e+01	2.570339e+02
5.040000e-06	4.293546e-09	9.381872e-10	2.294942e+01	2.541434e+02
5.050000e-06	4.210031e-09	9.273358e-10	2.250286e+01	2.512125e+02
5.060000e-06	4.126212e-09	9.155165e-10	2.205469e+01	2.480352e+02
5.070000e-06	4.042091e-09	9.034944e-10	2.160490e+01	2.448107e+02
5.080000e-06	3.957671e-09	8.919300e-10	2.115355e+01	2.416830e+02
5.090000e-06	3.872957e-09	8.804109e-10	2.070062e+01	2.385310e+02
5.100000e-06	3.787966e-09	8.688472e-10	2.024624e+01	2.353583e+02
5.110000e-06	3.702722e-09	8.571401e-10	1.979053e+01	2.321645e+02
5.120000e-06	3.617229e-09	8.445143e-10	1.933346e+01	2.287592e+02
5.130000e-06	3.531488e-09	8.309975e-10	1.887510e+01	2.251418e+02
5.140000e-06	3.445495e-09	8.178858e-10	1.841538e+01	2.216254e+02
5.150000e-06	3.359247e-09	8.054990e-10	1.795421e+01	2.182796e+02
5.160000e-06	3.272728e-09	7.930888e-10	1.749157e+01	2.149216e+02
5.170000e-06	3.185915e-09	7.800127e-10	1.702737e+01	2.113876e+02
5.180000e-06	3.098795e-09	7.664097e-10	1.656155e+01	2.077002e+02
5.190000e-06	3.011378e-09	7.528622e-10	1.609419e+01	2.040089e+02
5.200000e-06	2.923681e-09	7.390318e-10	1.562529e+01	2.002541e+02
5.210000e-06	2.835759e-09	7.244346e-10	1.515521e+01	1.963212e+02
5.220000e-06	2.747654e-09	7.096570e-10	1.468412e+01	1.923513e+02
5.230000e-06	2.659372e-09	6.950018e-10	1.421204e+01	1.884109e+02
5.240000e-06	2.570947e-09	6.807927e-10	1.373921e+01	1.845674e+02
5.250000e-06	2.482401e-09	6.668324e-10	1.326574e+01	1.807763e+02
5.260000e-06	2.393714e-09	6.520214e-10	1.279152e+01	1.767645e+02
5.270000e-06	2.304869e-09	6.366148e-10	1.231650e+01	1.725881e+02
5.280000e-06	2.215881e-09	6.212281e-10	1.184073e+01	1.684034e+02
5.290000e-06	2.126771e-09	6.053531e-10	1.136428e+01	1.640998e+02
5.300000e-06	2.037535e-09	5.891640e-10	1.088718e+01	1.597228e+02
5.310000e-06	1.948142e-09	5.730358e-10	1.040927e+01	1.553750e+02
5.320000e-06	1.858603e-09	5.568324e-10	9.930576e+00	1.510157e+02
5.330000e-06	1.768949e-09	5.411072e-10	9.451215e+00	1.467628e+02
5.340000e-06	1.679187e-09	5.258879e-10	8.971243e+00	1.426227e+02
5.350000e-06	1.589316e-09	5.102431e-10	8.490717e+00	1.383729e+02
5.360000e-06	1.499364e-09	4.935025e-10	8.009782e+00	1.338390e+02
5.370000e-06	1.409359e-09	4.760206e-10	7.528562e+00	1.291071e+02
5.380000e-06	1.319270e-09	4.583754e-10	7.046871e+00	1.243347e+02
5.390000e-06	1.229093e-09	4.409970e-10	6.564744e+00	1.196406e+02
5.400000e-06	1.138858e-09	4.238895e-10	6.082314e+00	1.150164e+02
5.410000e-06	1.048558e-09	4.065487e-10	5.599515e+00	1.103330e+02
5.420000e-06	9.581876e-10	3.892553e-10	5.116321e+00	1.056684e+02
5.430000e-06	8.677557e-10	3.727569e-10	4.632773e+00	1.011900e+02
5.440000e-06	7.772673e-10	3.561901e-10	4.148933e+00	9.667183e+01
5.450000e-06	6.867021e-10	3.388492e-10	3.664701e+00	9.196299e+01
5.460000e-06	5.960667e-10	3.212373e-10	3.180097e+00	8.719852e+01
5.470000e-06	5.053840e-10	3.032320e-10	2.695248e+00	8.232400e+01
5.480000e-06	4.146694e-10	2.849714e-10	2.210207e+00	7.738339e+01
5.490000e-06	3.239605e-10	2.673031e-10	1.725156e+00	7.260730e+01
5.500000e-06	2.332626e-10	2.499894e-10	1.240187e+00	6.793076e+01
5.510000e-06	1.425678e-10	2.323869e-10	7.552614e-01	6.318631e+01
5.520000e-06	5.188409e-11	2.148246e-10	2.703782e-01	5.843527e+01
5.530000e-06	-3.878747e-11	1.975785e-10	-2.144787e-01	5.374042e+01
5.540000e-06	-1.294528e-10	1.801438e-10	-6.992968e-01	4.899302e+01
5.550000e-06	-2.201025e-10	1.619599e-10	-1.183983e+00	4.405788e+01
5.560000e-06	-3.107356e-10	1.436057e-10	-1.668599e+00	3.909093e+01
5.570000e-06	-4.013771e-10	1.258997e-10	-2.153285e+00	3.430391e+01
5.580000e-06	-4.920028e-10	1.087012e-10	-2.637874e+00	2.964731e+01
5.590000e-06	-5.825983e-10	9.125545e-11	-3.122282e+00	2.491934e+01
5.600000e-06	-6.731636e-10	7.324719e-11	-3.606501e+00	2.005254e+01
5.610000e-06	-7.636790e-10	5.507288e-11	-4.090446e+00	1.514088e+01
5.620000e-06	-8.541328e-10	3.675513e-11	-4.574104e+00	1.016292e+01
5.630000e-06	-9.445442e-10	1.826097e-11	-5.057534e+00	5.126469e+00
5.640000e-06	-1.034885e-09	-5.452973e-14	-5.540577e+00	1.537414e-01
5.650000e-06	-1.125130e-09	-1.832772e-11	-6.023099e+00	-4.793768e+00
5.660000e-06	-1.215281e-09	-3.662728e-11	-6.505090e+00	-9.745615e+00
5.670000e-06	-1.305314e-09	-5.452398e-11	-6.986499e+00	-1.458848e+01
5.680000e-06	-1.395241e-09	-7.252721e-11	-7.467343e+00	-1.946418e+01
5.690000e-06	-1.485094e-09	-9.167155e-11	-7.947729e+00	-2.464578e+01
5.700000e-06	-1.574864e-09	-1.114404e-10	-8.427655e+00	-2.998554e+01
5.710000e-06	-1.664534e-09	-1.309368e-10	-8.907090e+00	-3.527321e+01
5.720000e-06	-1.754112e-09	-1.502981e-10	-9.386010e+00	-4.056348e+01
5.730000e-06	-1.843589e-09	-1.701843e-10	-9.864336e+00	-4.598662e+01
5.740000e-06	-1.932954e-09	-1.901497e-10	-1.034206e+01	-5.139854e+01
5.750000e-06	-2.022199e-09	-2.093626e-10	-1.081917e+01	-5.659801e+01
5.760000e-06	-2.111312e-09	-2.289774e-10	-1.129558e+01	-6.190389e+01
5.770000e-06	-2.200271e-09	-2.496821e-10	-1.177121e+01	-6.749761e+01
5.780000e-06	-2.289078e-09	-2.705956e-10	-1.224603e+01	-7.314933e+01
5.790000e-06	-2.377747e-09	-2.914357e-10	-1.272006e+01	-7.879035e+01
5.800000e-06	-2.466262e-09	-3.122783e-10	-1.319327e+01	-8.444419e+01
5.810000e-06	-2.554598e-09	-3.327953e-10	-1.366553e+01	-9.003124e+01
5.820000e-06	-2.642745e-09	-3.528402e-10	-1.413680e+01	-9.549908e+01
5.830000e-06	-2.730705e-09	-3.724814e-10	-1.460707e+01	-1.008425e+02
5.840000e-06	-2.818478e-09	-3.917931e-10	-1.507631e+01	-1.060711e+02
5.850000e-06	-2.906064e-09	-4.110221e-10	-1.554459e+01	-1.112553e+02
5.860000e-06	-2.993449e-09	-4.304821e-10	-1.601183e+01	-1.165041e+02
5.870000e-06	-3.080581e-09	-4.499607e-10	-1.647772e+01	-1.217788e+02
5.880000e-06	-3.167435e-09	-4.694137e-10	-1.694211e+01	-1.270493e+02
5.890000e-06	-3.254014e-09	-4.887787e-10	-1.740499e+01	-1.322977e+02
5.900000e-06	-3.340317e-09	-5.075504e-10	-1.786641e+01	-1.374078e+02
5.910000e-06	-3.426346e-09	-5.257294e-10	-1.832638e+01	-1.423530e+02
5.920000e-06	-3.512107e-09	-5.437739e-10	-1.878487e+01	-1.472340e+02
5.930000e-06	-3.597619e-09	-5.619850e-10	-1.924197e+01	-1.521415e+02
5.940000e-06	-3.682862e-09	-5.800321e-10	-1.969762e+01	-1.569968e+02
5.950000e-06	-3.767824e-09	-5.976029e-10	-2.015176e+01	-1.617320e+02
5.960000e-06	-3.852491e-09	-6.148085e-10	-2.060435e+01	-1.663933e+02
5.970000e-06	-3.936849e-09	-6.316992e-10	-2.105529e+01	-1.709803e+02
5.980000e-06	-4.020927e-09	-6.481758e-10	-2.150472e+01	-1.754556e+02
5.990000e-06	-4.104720e-09	-6.643901e-10	-2.195265e+01	-1.798583e+02
6.000000e-06	-4.188231e-09	-6.805629e-10	-2.239910e+01	-1.842308e+02
6.010000e-06	-4.271480e-09	-6.966646e-10	-2.284417e+01	-1.885592e+02
6.020000e-06	-4.354461e-09	-7.125380e-10	-2.328782e+01	-1.928312e+02
6.030000e-06	-4.437179e-09	-7.281534e-10	-2.373008e+01	-1.970494e+02
6.040000e-06	-4.519598e-09	-7.437098e-10	-2.417075e+01	-2.012487e+02
6.050000e-06	-4.601696e-09	-7.590328e-10	-2.460966e+01	-2.053820e+02
6.060000e-06	-4.683473e-09	-7.740481e-10	-2.504683e+01	-2.094438e+02
6.070000e-06	-4.764929e-09	-7.885310e-10	-2.548227e+01	-2.133698e+02
6.080000e-06	-4.846080e-09	-8.019739e-10	-2.591608e+01	-2.170052e+02
6.090000e-06	-4.926944e-09	-8.148660e-10	-2.634837e+01	-2.204922e+02
6.100000e-06	-5.007517e-09	-8.282016e-10	-2.677913e+01	-2.240889e+02
6.110000e-06	-5.087770e-09	-8.417697e-10	-2.720814e+01	-2.277354e+02
6.120000e-06	-5.167650e-09	-8.546414e-10	-2.763517e+01	-2.312075e+02
6.130000e-06	-5.247123e-09	-8.669517e-10	-2.806007e+01	-2.345432e+02
6.140000e-06	-5.326181e-09	-8.794901e-10	-2.848277e+01	-2.379311e+02
6.150000e-06	-5.404786e-09	-8.924612e-10	-2.890308e+01	-2.414105e+02
6.160000e-06	-5.482914e-09	-9.053474e-10	-2.932084e+01	-2.448702e+02
6.170000e-06	-5.560560e-09	-9.175905e-10	-2.973599e+01	-2.481825e+02
6.180000e-06	-5.637717e-09	-9.292566e-10	-3.014849e+01	-2.513413e+02
6.190000e-06	-5.714364e-09	-9.410222e-10	-3.055821e+01	-2.545124e+02
6.200000e-06	-5.790482e-09	-9.530168e-10	-3.096510e+01	-2.577362e+02
6.210000e-06	-5.866115e-09	-9.645232e-10	-3.136945e+01	-2.608233e+02
6.220000e-06	-5.941323e-09	-9.754197e-10	-3.177152e+01	-2.637415e+02
6.230000e-06	-6.016126e-09	-9.861492e-10	-3.217142e+01	-2.666196e+02
6.240000e-06	-6.090514e-09	-9.969276e-10	-3.256913e+01	-2.695298e+02
6.250000e-06	-6.164455e-09	-1.007762e-09	-3.296446e+01	-2.724622e+02
6.260000e-06	-6.237958e-09	-1.018426e-09	-3.335743e+01	-2.753540e+02
6.270000e-06	-6.311073e-09	-1.028754e-09	-3.374836e+01	-2.781660e+02
6.280000e-06	-6.383828e-09	-1.038684e-09	-3.413740e+01	-2.808647e+02
6.290000e-06	-6.456218e-09	-1.048258e-09	-3.452445e+01	-2.834367e+02
6.300000e-06	-6.528203e-09	-1.057876e-09	-3.490934e+01	-2.859901e+02
6.310000e-06	-6.599737e-09	-1.067732e-09	-3.529182e+01	-2.886094e+02
6.320000e-06	-6.670770e-09	-1.077395e-09	-3.567162e+01	-2.912006e+02
6.330000e-06	-6.741248e-09	-1.086735e-09	-3.604841e+01	-2.937241e+02
6.340000e-06	-6.811138e-09	-1.096112e-09	-3.642205e+01	-2.962840e+02
6.350000e-06	-6.880458e-09	-1.105384e-09	-3.679265e+01	-2.988412e+02
6.360000e-06	-6.949236e-09	-1.114547e-09	-3.716030e+01	-3.013566e+02
6.370000e-06	-7.017493e-09	-1.123831e-09	-3.752516e+01	-3.038715e+02
6.380000e-06	-7.085249e-09	-1.133043e-09	-3.788743e+01	-3.063346e+02
6.390000e-06	-7.152547e-09	-1.141906e-09	-3.824730e+01	-3.086843e+02
6.400000e-06	-7.219415e-09	-1.150386e-09	-3.860487e+01	-3.109345e+02
6.410000e-06	-7.285831e-09	-1.158786e-09	-3.895997e+01	-3.131914e+02
6.420000e-06	-7.351770e-09	-1.166799e-09	-3.931248e+01	-3.153855e+02
6.430000e-06	-7.417213e-09	-1.174370e-09	-3.966233e+01	-3.174788e+02
6.440000e-06	-7.482156e-09	-1.182108e-09	-4.000954e+01	-3.196135e+02
6.450000e-06	-7.546618e-09	-1.190273e-09	-4.035415e+01	-3.218409e+02
6.460000e-06	-7.610588e-09	-1.198735e-09	-4.069615e+01	-3.241157e+02
6.470000e-06	-7.674014e-09	-1.207015e-09	-4.103531e+01	-3.263180e+02
6.480000e-06	-7.736853e-09	-1.215082e-09	-4.137135e+01	-3.284480e+02
6.490000e-06	-7.799042e-09	-1.222914e-09	-4.170387e+01	-3.305266e+02
6.500000e-06	-7.860553e-09	-1.230392e-09	-4.203270e+01	-3.325464e+02
6.510000e-06	-7.921435e-09	-1.237760e-09	-4.235817e+01	-3.345628e+02
6.520000e-06	-7.981750e-09	-1.244915e-09	-4.268065e+01	-3.365287e+02
6.530000e-06	-8.041532e-09	-1.251807e-09	-4.300029e+01	-3.384129e+02
6.540000e-06	-8.100811e-09	-1.258754e-09	-4.331729e+01	-3.402937e+02
6.550000e-06	-8.159574e-09	-1.266220e-09	-4.363150e+01	-3.422953e+02
6.560000e-06	-8.217773e-09	-1.273802e-09	-4.394266e+01	-3.443105e+02
6.570000e-06	-8.275383e-09	-1.280601e-09	-4.425069e+01	-3.461188e+02
6.580000e-06	-8.332414e-09	-1.287003e-09	-4.455562e+01	-3.478452e+02
6.590000e-06	-8.388901e-09	-1.293314e-09	-4.485762e+01	-3.495716e+02
6.600000e-06	-8.444837e-09	-1.299595e-09	-4.515670e+01	-3.512957e+02
6.610000e-06	-8.500139e-09	-1.305976e-09	-4.545241e+01	-3.530351e+02
6.620000e-06	-8.554733e-09	-1.312238e-09	-4.574428e+01	-3.547267e+02
6.630000e-06	-8.608558e-09	-1.318587e-09	-4.603200e+01	-3.564357e+02
6.640000e-06	-8.661583e-09	-1.325140e-09	-4.631547e+01	-3.581970e+02
6.650000e-06	-8.713867e-09	-1.331618e-09	-4.659501e+01	-3.599323e+02
6.660000e-06	-8.765496e-09	-1.337547e-09	-4.687106e+01	-3.615300e+02
6.670000e-06	-8.816498e-09	-1.343215e-09	-4.714374e+01	-3.630710e+02
6.680000e-06	-8.866842e-09	-1.349190e-09	-4.741287e+01	-3.646892e+02
6.690000e-06	-8.916453e-09	-1.355162e-09	-4.767807e+01	-3.662921e+02
6.700000e-06	-8.965259e-09	-1.360958e-09	-4.793898e+01	-3.678480e+02
6.710000e-06	-9.013246e-09	-1.366628e-09	-4.819547e+01	-3.693645e+02
6.720000e-06	-9.060463e-09	-1.371864e-09	-4.844782e+01	-3.707677e+02
6.730000e-06	-9.107016e-09	-1.376998e-09	-4.869662e+01	-3.721749e+02
6.740000e-06	-9.152972e-09	-1.382128e-09	-4.894229e+01	-3.735848e+02
6.750000e-06	-9.198326e-09	-1.386916e-09	-4.918478e+01	-3.748785e+02
6.760000e-06	-9.243088e-09	-1.392117e-09	-4.942410e+01	-3.762675e+02
6.770000e-06	-9.287311e-09	-1.397850e-09	-4.966055e+01	-3.777956e+02
6.780000e-06	-9.331029e-09	-1.403303e-09	-4.989434e+01	-3.792527e+02
6.790000e-06	-9.374214e-09	-1.408542e-09	-5.012530e+01	-3.806609e+02
6.800000e-06	-9.416814e-09	-1.414056e-09	-5.035306e+01	-3.821311e+02
6.810000e-06	-9.458787e-09	-1.419255e-09	-5.057745e+01	-3.835201e+02
6.820000e-06	-9.500135e-09	-1.423324e-09	-5.079846e+01	-3.846440e+02
6.830000e-06	-9.540867e-09	-1.426709e-09	-5.101619e+01	-3.855914e+02
6.840000e-06	-9.581009e-09	-1.430136e-09	-5.123081e+01	-3.865237e+02
6.850000e-06	-9.620560e-09	-1.434299e-09	-5.144225e+01	-3.876373e+02
6.860000e-06	-9.659391e-09	-1.439345e-09	-5.164980e+01	-3.889827e+02
6.870000e-06	-9.697359e-09	-1.444522e-09	-5.185272e+01	-3.903547e+02
6.880000e-06	-9.734431e-09	-1.449497e-09	-5.205084e+01	-3.916772e+02
6.890000e-06	-9.770740e-09	-1.454149e-09	-5.224492e+01	-3.929284e+02
6.900000e-06	-9.806429e-09	-1.458336e-09	-5.243571e+01	-3.940534e+02
6.910000e-06	-9.841499e-09	-1.461779e-09	-5.262322e+01	-3.949760e+02
6.920000e-06	-9.875912e-09	-1.464565e-09	-5.280717e+01	-3.957394e+02
6.930000e-06	-9.909640e-09	-1.467789e-09	-5.298743e+01	-3.966213e+02
6.940000e-06	-9.942673e-09	-1.471563e-09	-5.316400e+01	-3.976263e+02
6.950000e-06	-9.975087e-09	-1.475321e-09	-5.333728e+01	-3.986203e+02
6.960000e-06	-1.000693e-08	-1.479355e-09	-5.350752e+01	-3.996976e+02
6.970000e-06	-1.003807e-08	-1.483474e-09	-5.367404e+01	-4.008006e+02
6.980000e-06	-1.006831e-08	-1.487159e-09	-5.383569e+01	-4.017930e+02
6.990000e-06	-1.009756e-08	-1.490658e-09	-5.399199e+01	-4.027383e+02
7.000000e-06	-1.012598e-08	-1.494092e-09	-5.414389e+01	-4.036584e+02
7.010000e-06	-1.015379e-08	-1.496953e-09	-5.429251e+01	-4.044255e+02
7.020000e-06	-1.018098e-08	-1.499210e-09	-5.443787e+01	-4.050432e+02
7.030000e-06	-1.020747e-08	-1.501374e-09	-5.457939e+01	-4.056284e+02
7.040000e-06	-1.023320e-08	-1.503658e-09	-5.471688e+01	-4.062344e+02
7.050000e-06	-1.025821e-08	-1.506501e-09	-5.485050e+01	-4.070015e+02
7.060000e-06	-1.028258e-08	-1.509978e-09	-5.498082e+01	-4.079528e+02
7.070000e-06	-1.030644e-08	-1.513381e-09	-5.510834e+01	-4.088868e+02
7.080000e-06	-1.032965e-08	-1.516506e-09	-5.523237e+01	-4.097317e+02
7.090000e-06	-1.035194e-08	-1.519417e-09	-5.535147e+01	-4.105026e+02
7.100000e-06	-1.037321e-08	-1.521650e-09	-5.546511e+01	-4.110896e+02
7.110000e-06	-1.039365e-08	-1.522888e-09	-5.557435e+01	-4.114177e+02
7.120000e-06	-1.041348e-08	-1.523701e-09	-5.568031e+01	-4.116365e+02
7.130000e-06	-1.043268e-08	-1.524967e-09	-5.578292e+01	-4.119913e+02
7.140000e-06	-1.045117e-08	-1.527098e-09	-5.588174e+01	-4.125946e+02
7.150000e-06	-1.046894e-08	-1.529921e-09	-5.597669e+01	-4.133736e+02
7.160000e-06	-1.048599e-08	-1.533170e-09	-5.606775e+01	-4.142398e+02
7.170000e-06	-1.050238e-08	-1.536186e-09	-5.615534e+01	-4.150352e+02
7.180000e-06	-1.051820e-08	-1.538047e-09	-5.623990e+01	-4.155258e+02
7.190000e-06	-1.053326e-08	-1.538748e-09	-5.632028e+01	-4.157012e+02
7.200000e-06	-1.054722e-08	-1.539071e-09	-5.639477e+01	-4.157875e+02
7.210000e-06	-1.056007e-08	-1.539747e-09	-5.646338e+01	-4.159848e+02
7.220000e-06	-1.057207e-08	-1.540834e-09	-5.652752e+01	-4.162979e+02
7.230000e-06	-1.058335e-08	-1.542313e-09	-5.658783e+01	-4.167176e+02
7.240000e-06	-1.059389e-08	-1.544612e-09	-5.664415e+01	-4.173444e+02
7.250000e-06	-1.060371e-08	-1.547229e-09	-5.669657e+01	-4.180287e+02
7.260000e-06	-1.061277e-08	-1.549106e-09	-5.674499e+01	-4.185021e+02
7.270000e-06	-1.062116e-08	-1.550189e-09	-5.678985e+01	-4.187761e+02
7.280000e-06	-1.062898e-08	-1.550678e-09	-5.683161e+01	-4.189068e+02
7.290000e-06	-1.063609e-08	-1.550744e-09	-5.686956e+01	-4.189366e+02
7.300000e-06	-1.064222e-08	-1.550845e-09	-5.690222e+01	-4.189876e+02
7.310000e-06	-1.064730e-08	-1.551341e-09	-5.692929e+01	-4.191470e+02
7.320000e-06	-1.065161e-08	-1.552236e-09	-5.695224e+01	-4.193999e+02
7.330000e-06	-1.065530e-08	-1.553506e-09	-5.697195e+01	-4.197316e+02
7.340000e-06	-1.065835e-08	-1.555091e-09	-5.698821e+01	-4.201283e+02
7.350000e-06	-1.066073e-08	-1.556165e-09	-5.700092e+01	-4.203841e+02
7.360000e-06	-1.066242e-08	-1.556360e-09	-5.700986e+01	-4.204180e+02
7.370000e-06	-1.066331e-08	-1.556353e-09	-5.701450e+01	-4.204251e+02
