# Temperatura_=_18.84545454545454
# Concentracion g/m^3_=_10000.0
# C_Vs_to_Am_M_A/Vsm_=_254322799225.57578
# pendiente_HvsI_1/m_=_3716.3
# ordenada_HvsI_A/m_=_1297.0
# frecuencia_Hz_=_135526.4464565302
# Promedio de 22 ciclos

Tiempo_(s)	Campo_(V.s)	Magnetizacion_(V.s)	Campo_(kA/m)	Magnetizacion_(A/m)
0.000000e+00	-1.064415e-08	-6.545087e-09	-5.700755e+01	-1.746367e+03
1.000000e-08	-1.064406e-08	-6.545322e-09	-5.700720e+01	-1.746447e+03
2.000000e-08	-1.064338e-08	-6.545020e-09	-5.700364e+01	-1.746397e+03
3.000000e-08	-1.064177e-08	-6.544472e-09	-5.699509e+01	-1.746293e+03
4.000000e-08	-1.063911e-08	-6.543920e-09	-5.698080e+01	-1.746171e+03
5.000000e-08	-1.063559e-08	-6.543254e-09	-5.696200e+01	-1.745986e+03
6.000000e-08	-1.063153e-08	-6.542216e-09	-5.694034e+01	-1.745698e+03
7.000000e-08	-1.062693e-08	-6.540319e-09	-5.691582e+01	-1.745167e+03
8.000000e-08	-1.062164e-08	-6.537066e-09	-5.688760e+01	-1.744244e+03
9.000000e-08	-1.061549e-08	-6.535801e-09	-5.685475e+01	-1.743932e+03
1.000000e-07	-1.060827e-08	-6.536049e-09	-5.681625e+01	-1.744236e+03
1.100000e-07	-1.059981e-08	-6.530577e-09	-5.677108e+01	-1.742864e+03
1.200000e-07	-1.059005e-08	-6.520995e-09	-5.671894e+01	-1.739986e+03
1.300000e-07	-1.057956e-08	-6.517365e-09	-5.666272e+01	-1.738597e+03
1.400000e-07	-1.056884e-08	-6.529207e-09	-5.660525e+01	-1.742117e+03
1.500000e-07	-1.055746e-08	-6.535144e-09	-5.654435e+01	-1.744550e+03
1.600000e-07	-1.054499e-08	-6.516181e-09	-5.647764e+01	-1.739158e+03
1.700000e-07	-1.053182e-08	-6.523967e-09	-5.640713e+01	-1.740686e+03
1.800000e-07	-1.051812e-08	-6.567762e-09	-5.633378e+01	-1.753442e+03
1.900000e-07	-1.050328e-08	-6.562086e-09	-5.625438e+01	-1.752615e+03
2.000000e-07	-1.048728e-08	-6.514827e-09	-5.616883e+01	-1.738813e+03
2.100000e-07	-1.047073e-08	-6.495254e-09	-5.608024e+01	-1.732703e+03
2.200000e-07	-1.045360e-08	-6.500506e-09	-5.598854e+01	-1.734918e+03
2.300000e-07	-1.043562e-08	-6.501995e-09	-5.589230e+01	-1.735532e+03
2.400000e-07	-1.041695e-08	-6.523131e-09	-5.579247e+01	-1.740841e+03
2.500000e-07	-1.039775e-08	-6.569776e-09	-5.568973e+01	-1.754702e+03
2.600000e-07	-1.037781e-08	-6.575852e-09	-5.558296e+01	-1.757289e+03
2.700000e-07	-1.035715e-08	-6.550791e-09	-5.547241e+01	-1.749563e+03
2.800000e-07	-1.033591e-08	-6.543084e-09	-5.535868e+01	-1.747099e+03
2.900000e-07	-1.031382e-08	-6.521436e-09	-5.524047e+01	-1.741657e+03
3.000000e-07	-1.029088e-08	-6.474247e-09	-5.511770e+01	-1.727667e+03
3.100000e-07	-1.026742e-08	-6.456226e-09	-5.499206e+01	-1.721591e+03
3.200000e-07	-1.024342e-08	-6.465094e-09	-5.486354e+01	-1.724686e+03
3.300000e-07	-1.021865e-08	-6.464441e-09	-5.473097e+01	-1.724761e+03
3.400000e-07	-1.019310e-08	-6.478680e-09	-5.459413e+01	-1.728175e+03
3.500000e-07	-1.016666e-08	-6.511840e-09	-5.445257e+01	-1.738255e+03
3.600000e-07	-1.013929e-08	-6.522407e-09	-5.430604e+01	-1.742206e+03
3.700000e-07	-1.011127e-08	-6.521226e-09	-5.415605e+01	-1.741479e+03
3.800000e-07	-1.008268e-08	-6.529234e-09	-5.400303e+01	-1.743899e+03
3.900000e-07	-1.005337e-08	-6.520192e-09	-5.384608e+01	-1.742190e+03
4.000000e-07	-1.002330e-08	-6.502034e-09	-5.368512e+01	-1.736593e+03
4.100000e-07	-9.992505e-09	-6.499994e-09	-5.352027e+01	-1.735810e+03
4.200000e-07	-9.960996e-09	-6.491495e-09	-5.335163e+01	-1.734202e+03
4.300000e-07	-9.928940e-09	-6.476284e-09	-5.318007e+01	-1.729694e+03
4.400000e-07	-9.896348e-09	-6.470541e-09	-5.300561e+01	-1.727884e+03
4.500000e-07	-9.862958e-09	-6.459826e-09	-5.282681e+01	-1.725597e+03
4.600000e-07	-9.828543e-09	-6.446824e-09	-5.264245e+01	-1.721982e+03
4.700000e-07	-9.793221e-09	-6.439529e-09	-5.245325e+01	-1.719697e+03
4.800000e-07	-9.757269e-09	-6.425996e-09	-5.226076e+01	-1.716429e+03
4.900000e-07	-9.720791e-09	-6.412704e-09	-5.206549e+01	-1.712970e+03
5.000000e-07	-9.683671e-09	-6.403058e-09	-5.186676e+01	-1.710195e+03
5.100000e-07	-9.645824e-09	-6.386430e-09	-5.166414e+01	-1.705843e+03
5.200000e-07	-9.607290e-09	-6.371879e-09	-5.145780e+01	-1.701966e+03
5.300000e-07	-9.568107e-09	-6.362283e-09	-5.124803e+01	-1.699260e+03
5.400000e-07	-9.528330e-09	-6.347012e-09	-5.103510e+01	-1.695304e+03
5.500000e-07	-9.487983e-09	-6.332553e-09	-5.081908e+01	-1.691564e+03
5.600000e-07	-9.446885e-09	-6.321400e-09	-5.059904e+01	-1.688485e+03
5.700000e-07	-9.404810e-09	-6.304850e-09	-5.037370e+01	-1.684047e+03
5.800000e-07	-9.361786e-09	-6.288281e-09	-5.014326e+01	-1.679731e+03
5.900000e-07	-9.318059e-09	-6.274075e-09	-4.990915e+01	-1.675909e+03
6.000000e-07	-9.273816e-09	-6.256786e-09	-4.967235e+01	-1.671216e+03
6.100000e-07	-9.229016e-09	-6.240750e-09	-4.943255e+01	-1.666970e+03
6.200000e-07	-9.183585e-09	-6.227281e-09	-4.918934e+01	-1.663391e+03
6.300000e-07	-9.137519e-09	-6.210566e-09	-4.894267e+01	-1.658917e+03
6.400000e-07	-9.090831e-09	-6.193929e-09	-4.869267e+01	-1.654563e+03
6.500000e-07	-9.043498e-09	-6.177946e-09	-4.843926e+01	-1.650335e+03
6.600000e-07	-8.995508e-09	-6.158950e-09	-4.818234e+01	-1.645183e+03
6.700000e-07	-8.946811e-09	-6.140636e-09	-4.792158e+01	-1.640264e+03
6.800000e-07	-8.897280e-09	-6.123473e-09	-4.765630e+01	-1.635704e+03
6.900000e-07	-8.846817e-09	-6.103697e-09	-4.738602e+01	-1.630405e+03
7.000000e-07	-8.795457e-09	-6.084640e-09	-4.711098e+01	-1.625319e+03
7.100000e-07	-8.743302e-09	-6.066782e-09	-4.683180e+01	-1.620621e+03
7.200000e-07	-8.690480e-09	-6.046558e-09	-4.654903e+01	-1.615255e+03
7.300000e-07	-8.637092e-09	-6.026412e-09	-4.626317e+01	-1.609880e+03
7.400000e-07	-8.583159e-09	-6.007501e-09	-4.597443e+01	-1.604851e+03
7.500000e-07	-8.528707e-09	-5.986495e-09	-4.568289e+01	-1.599237e+03
7.600000e-07	-8.473742e-09	-5.964801e-09	-4.538860e+01	-1.593384e+03
7.700000e-07	-8.418234e-09	-5.944155e-09	-4.509145e+01	-1.587828e+03
7.800000e-07	-8.362153e-09	-5.922822e-09	-4.479128e+01	-1.582177e+03
7.900000e-07	-8.305465e-09	-5.900819e-09	-4.448781e+01	-1.576374e+03
8.000000e-07	-8.248063e-09	-5.878939e-09	-4.418043e+01	-1.570543e+03
8.100000e-07	-8.189893e-09	-5.856755e-09	-4.386892e+01	-1.564625e+03
8.200000e-07	-8.131019e-09	-5.834032e-09	-4.355364e+01	-1.558574e+03
8.300000e-07	-8.071509e-09	-5.810369e-09	-4.323497e+01	-1.552254e+03
8.400000e-07	-8.011425e-09	-5.785803e-09	-4.291329e+01	-1.545681e+03
8.500000e-07	-7.950819e-09	-5.761177e-09	-4.258885e+01	-1.539095e+03
8.600000e-07	-7.889738e-09	-5.736356e-09	-4.226187e+01	-1.532447e+03
8.700000e-07	-7.828169e-09	-5.711520e-09	-4.193225e+01	-1.525832e+03
8.800000e-07	-7.766081e-09	-5.686594e-09	-4.159983e+01	-1.519243e+03
8.900000e-07	-7.703505e-09	-5.661235e-09	-4.126480e+01	-1.512507e+03
9.000000e-07	-7.640451e-09	-5.635305e-09	-4.092722e+01	-1.505564e+03
9.100000e-07	-7.576900e-09	-5.609102e-09	-4.058698e+01	-1.498561e+03
9.200000e-07	-7.512831e-09	-5.582174e-09	-4.024399e+01	-1.491386e+03
9.300000e-07	-7.448197e-09	-5.554454e-09	-3.989791e+01	-1.483992e+03
9.400000e-07	-7.382941e-09	-5.526897e-09	-3.954848e+01	-1.476653e+03
9.500000e-07	-7.317034e-09	-5.499397e-09	-3.919555e+01	-1.469327e+03
9.600000e-07	-7.250537e-09	-5.470665e-09	-3.883939e+01	-1.461643e+03
9.700000e-07	-7.183469e-09	-5.441764e-09	-3.848020e+01	-1.453935e+03
9.800000e-07	-7.115855e-09	-5.412963e-09	-3.811815e+01	-1.446285e+03
9.900000e-07	-7.047759e-09	-5.383001e-09	-3.775362e+01	-1.438300e+03
1.000000e-06	-6.979212e-09	-5.352110e-09	-3.738673e+01	-1.430037e+03
1.010000e-06	-6.910252e-09	-5.321134e-09	-3.701757e+01	-1.421760e+03
1.020000e-06	-6.840878e-09	-5.290119e-09	-3.664613e+01	-1.413503e+03
1.030000e-06	-6.771074e-09	-5.258665e-09	-3.627240e+01	-1.405124e+03
1.040000e-06	-6.700824e-09	-5.226661e-09	-3.589627e+01	-1.396579e+03
1.050000e-06	-6.630116e-09	-5.194005e-09	-3.551764e+01	-1.387859e+03
1.060000e-06	-6.558952e-09	-5.160479e-09	-3.513661e+01	-1.378906e+03
1.070000e-06	-6.487300e-09	-5.126371e-09	-3.475297e+01	-1.369806e+03
1.080000e-06	-6.415103e-09	-5.092195e-09	-3.436637e+01	-1.360718e+03
1.090000e-06	-6.342363e-09	-5.057617e-09	-3.397692e+01	-1.351530e+03
1.100000e-06	-6.269113e-09	-5.022319e-09	-3.358472e+01	-1.342114e+03
1.110000e-06	-6.195352e-09	-4.986830e-09	-3.318966e+01	-1.332618e+03
1.120000e-06	-6.121082e-09	-4.951429e-09	-3.279184e+01	-1.323172e+03
1.130000e-06	-6.046309e-09	-4.914901e-09	-3.239134e+01	-1.313443e+03
1.140000e-06	-5.971013e-09	-4.876762e-09	-3.198808e+01	-1.303256e+03
1.150000e-06	-5.895217e-09	-4.838017e-09	-3.158221e+01	-1.292900e+03
1.160000e-06	-5.818995e-09	-4.800083e-09	-3.117406e+01	-1.282800e+03
1.170000e-06	-5.742362e-09	-4.762668e-09	-3.076374e+01	-1.272849e+03
1.180000e-06	-5.665311e-09	-4.724929e-09	-3.035122e+01	-1.262806e+03
1.190000e-06	-5.587829e-09	-4.685962e-09	-2.993638e+01	-1.252431e+03
1.200000e-06	-5.509884e-09	-4.645613e-09	-2.951899e+01	-1.241648e+03
1.210000e-06	-5.431455e-09	-4.604778e-09	-2.909903e+01	-1.230721e+03
1.220000e-06	-5.352516e-09	-4.563594e-09	-2.867634e+01	-1.219737e+03
1.230000e-06	-5.273092e-09	-4.521641e-09	-2.825094e+01	-1.208569e+03
1.240000e-06	-5.193236e-09	-4.478907e-09	-2.782322e+01	-1.197175e+03
1.250000e-06	-5.112964e-09	-4.436206e-09	-2.739331e+01	-1.185781e+03
1.260000e-06	-5.032298e-09	-4.393925e-09	-2.696133e+01	-1.174519e+03
1.270000e-06	-4.951253e-09	-4.351060e-09	-2.652737e+01	-1.163109e+03
1.280000e-06	-4.869856e-09	-4.306703e-09	-2.609156e+01	-1.151284e+03
1.290000e-06	-4.788139e-09	-4.261309e-09	-2.565405e+01	-1.139165e+03
1.300000e-06	-4.706099e-09	-4.215711e-09	-2.521482e+01	-1.126989e+03
1.310000e-06	-4.623788e-09	-4.169605e-09	-2.477413e+01	-1.114685e+03
1.320000e-06	-4.541226e-09	-4.122395e-09	-2.433209e+01	-1.102093e+03
1.330000e-06	-4.458409e-09	-4.074231e-09	-2.388870e+01	-1.089262e+03
1.340000e-06	-4.375324e-09	-4.025626e-09	-2.344386e+01	-1.076309e+03
1.350000e-06	-4.291949e-09	-3.976995e-09	-2.299746e+01	-1.063340e+03
1.360000e-06	-4.208279e-09	-3.928384e-09	-2.254948e+01	-1.050381e+03
1.370000e-06	-4.124291e-09	-3.879083e-09	-2.209980e+01	-1.037249e+03
1.380000e-06	-4.040023e-09	-3.828090e-09	-2.164866e+01	-1.023654e+03
1.390000e-06	-3.955509e-09	-3.775873e-09	-2.119622e+01	-1.009717e+03
1.400000e-06	-3.870777e-09	-3.723382e-09	-2.074262e+01	-9.957136e+02
1.410000e-06	-3.785847e-09	-3.670710e-09	-2.028794e+01	-9.816658e+02
1.420000e-06	-3.700716e-09	-3.617129e-09	-1.983213e+01	-9.673821e+02
1.430000e-06	-3.615377e-09	-3.562548e-09	-1.937522e+01	-9.528408e+02
1.440000e-06	-3.529825e-09	-3.507695e-09	-1.891719e+01	-9.382100e+02
1.450000e-06	-3.444072e-09	-3.452970e-09	-1.845801e+01	-9.236025e+02
1.460000e-06	-3.358093e-09	-3.397707e-09	-1.799760e+01	-9.088588e+02
1.470000e-06	-3.271885e-09	-3.341085e-09	-1.753595e+01	-8.937623e+02
1.480000e-06	-3.185456e-09	-3.283063e-09	-1.707311e+01	-8.782865e+02
1.490000e-06	-3.098778e-09	-3.224066e-09	-1.660897e+01	-8.625429e+02
1.500000e-06	-3.011872e-09	-3.164345e-09	-1.614364e+01	-8.466072e+02
1.510000e-06	-2.924778e-09	-3.103741e-09	-1.567730e+01	-8.304374e+02
1.520000e-06	-2.837488e-09	-3.042177e-09	-1.520991e+01	-8.140128e+02
1.530000e-06	-2.750009e-09	-2.980084e-09	-1.474151e+01	-7.974425e+02
1.540000e-06	-2.662356e-09	-2.917842e-09	-1.427219e+01	-7.808248e+02
1.550000e-06	-2.574511e-09	-2.855312e-09	-1.380187e+01	-7.641320e+02
1.560000e-06	-2.486495e-09	-2.791532e-09	-1.333064e+01	-7.471221e+02
1.570000e-06	-2.398328e-09	-2.725744e-09	-1.285857e+01	-7.295720e+02
1.580000e-06	-2.309997e-09	-2.658859e-09	-1.238562e+01	-7.117184e+02
1.590000e-06	-2.221473e-09	-2.591899e-09	-1.191165e+01	-6.938394e+02
1.600000e-06	-2.132752e-09	-2.524610e-09	-1.143666e+01	-6.758824e+02
1.610000e-06	-2.043871e-09	-2.456533e-09	-1.096078e+01	-6.577281e+02
1.620000e-06	-1.954816e-09	-2.387695e-09	-1.048397e+01	-6.393678e+02
1.630000e-06	-1.865580e-09	-2.318669e-09	-1.000613e+01	-6.209555e+02
1.640000e-06	-1.776187e-09	-2.249642e-09	-9.527406e+00	-6.025376e+02
1.650000e-06	-1.686660e-09	-2.179541e-09	-9.047987e+00	-5.838124e+02
1.660000e-06	-1.597029e-09	-2.108157e-09	-8.567985e+00	-5.647453e+02
1.670000e-06	-1.507310e-09	-2.035977e-09	-8.087463e+00	-5.454876e+02
1.680000e-06	-1.417498e-09	-1.963392e-09	-7.606387e+00	-5.261175e+02
1.690000e-06	-1.327615e-09	-1.890958e-09	-7.124915e+00	-5.067613e+02
1.700000e-06	-1.237699e-09	-1.818523e-09	-6.643278e+00	-4.874097e+02
1.710000e-06	-1.147707e-09	-1.745571e-09	-6.161222e+00	-4.679353e+02
1.720000e-06	-1.057619e-09	-1.672126e-09	-5.678640e+00	-4.483152e+02
1.730000e-06	-9.674671e-10	-1.598157e-09	-5.195741e+00	-4.285345e+02
1.740000e-06	-8.772320e-10	-1.523777e-09	-4.712377e+00	-4.086402e+02
1.750000e-06	-7.869217e-10	-1.449259e-09	-4.228538e+00	-3.887177e+02
1.760000e-06	-6.965353e-10	-1.374296e-09	-3.744300e+00	-3.686889e+02
1.770000e-06	-6.060663e-10	-1.299001e-09	-3.259649e+00	-3.485689e+02
1.780000e-06	-5.155475e-10	-1.224164e-09	-2.774708e+00	-3.285616e+02
1.790000e-06	-4.249756e-10	-1.149835e-09	-2.289480e+00	-3.086854e+02
1.800000e-06	-3.343696e-10	-1.075160e-09	-1.804081e+00	-2.887152e+02
1.810000e-06	-2.437520e-10	-9.996245e-10	-1.318655e+00	-2.685153e+02
1.820000e-06	-1.531357e-10	-9.238113e-10	-8.332665e-01	-2.482361e+02
1.830000e-06	-6.255159e-11	-8.484274e-10	-3.480040e-01	-2.280777e+02
1.840000e-06	2.802014e-11	-7.732529e-10	1.372152e-01	-2.079811e+02
1.850000e-06	1.185654e-10	-6.977925e-10	6.222708e-01	-1.877963e+02
1.860000e-06	2.090825e-10	-6.215318e-10	1.107183e+00	-1.673995e+02
1.870000e-06	2.995977e-10	-5.451012e-10	1.592104e+00	-1.469801e+02
1.880000e-06	3.901035e-10	-4.688775e-10	2.077024e+00	-1.266094e+02
1.890000e-06	4.805888e-10	-3.919819e-10	2.561860e+00	-1.060179e+02
1.900000e-06	5.710542e-10	-3.141501e-10	3.046566e+00	-8.517030e+01
1.910000e-06	6.614976e-10	-2.355564e-10	3.531162e+00	-6.415464e+01
1.920000e-06	7.519070e-10	-1.567315e-10	4.015579e+00	-4.307390e+01
1.930000e-06	8.422760e-10	-7.802469e-11	4.499727e+00	-2.200685e+01
1.940000e-06	9.325741e-10	1.289052e-12	4.983483e+00	-8.014098e-01
1.950000e-06	1.022785e-09	8.199729e-11	5.466764e+00	2.076560e+01
1.960000e-06	1.112911e-09	1.638313e-10	5.949582e+00	4.265134e+01
1.970000e-06	1.202940e-09	2.457568e-10	6.431869e+00	6.456891e+01
1.980000e-06	1.292867e-09	3.274143e-10	6.913573e+00	8.641508e+01
1.990000e-06	1.382680e-09	4.095161e-10	7.394653e+00	1.083864e+02
2.000000e-06	1.472393e-09	4.923936e-10	7.875179e+00	1.305524e+02
2.010000e-06	1.562015e-09	5.759799e-10	8.355200e+00	1.528809e+02
2.020000e-06	1.651534e-09	6.604358e-10	8.834630e+00	1.754394e+02
2.030000e-06	1.740942e-09	7.454931e-10	9.313430e+00	1.981649e+02
2.040000e-06	1.830248e-09	8.311897e-10	9.791671e+00	2.210636e+02
2.050000e-06	1.919439e-09	9.182285e-10	1.026927e+01	2.443322e+02
2.060000e-06	2.008471e-09	1.006433e-09	1.074602e+01	2.679282e+02
2.070000e-06	2.097344e-09	1.094368e-09	1.122192e+01	2.914519e+02
2.080000e-06	2.186038e-09	1.181270e-09	1.169688e+01	3.146851e+02
2.090000e-06	2.274505e-09	1.268151e-09	1.217063e+01	3.379116e+02
2.100000e-06	2.362743e-09	1.355620e-09	1.264311e+01	3.612877e+02
2.110000e-06	2.450766e-09	1.443346e-09	1.311441e+01	3.847069e+02
2.120000e-06	2.538580e-09	1.530867e-09	1.358465e+01	4.080793e+02
2.130000e-06	2.626180e-09	1.617708e-09	1.405378e+01	4.312985e+02
2.140000e-06	2.713587e-09	1.704107e-09	1.452181e+01	4.543913e+02
2.150000e-06	2.800821e-09	1.790408e-09	1.498892e+01	4.774395e+02
2.160000e-06	2.887892e-09	1.876159e-09	1.545518e+01	5.003540e+02
2.170000e-06	2.974819e-09	1.960612e-09	1.592066e+01	5.229272e+02
2.180000e-06	3.061589e-09	2.043958e-09	1.638533e+01	5.451894e+02
2.190000e-06	3.148182e-09	2.126698e-09	1.684905e+01	5.672859e+02
2.200000e-06	3.234568e-09	2.208848e-09	1.731168e+01	5.892058e+02
2.210000e-06	3.320727e-09	2.290111e-09	1.777310e+01	6.108772e+02
2.220000e-06	3.406643e-09	2.369948e-09	1.823327e+01	6.321909e+02
2.230000e-06	3.492336e-09	2.448151e-09	1.869218e+01	6.530866e+02
2.240000e-06	3.577776e-09	2.525085e-09	1.914968e+01	6.736392e+02
2.250000e-06	3.662966e-09	2.601057e-09	1.960585e+01	6.939266e+02
2.260000e-06	3.747947e-09	2.675634e-09	2.006089e+01	7.138325e+02
2.270000e-06	3.832728e-09	2.748452e-09	2.051479e+01	7.332687e+02
2.280000e-06	3.917281e-09	2.820116e-09	2.096749e+01	7.523950e+02
2.290000e-06	4.001566e-09	2.891337e-09	2.141879e+01	7.713701e+02
2.300000e-06	4.085619e-09	2.961933e-09	2.186884e+01	7.901614e+02
2.310000e-06	4.169408e-09	3.031056e-09	2.231751e+01	8.085897e+02
2.320000e-06	4.252896e-09	3.098646e-09	2.276461e+01	8.266436e+02
2.330000e-06	4.336114e-09	3.165515e-09	2.321029e+01	8.445102e+02
2.340000e-06	4.419053e-09	3.231803e-09	2.365449e+01	8.622075e+02
2.350000e-06	4.501718e-09	3.297119e-09	2.409723e+01	8.796219e+02
2.360000e-06	4.584100e-09	3.361010e-09	2.453846e+01	8.966418e+02
2.370000e-06	4.666170e-09	3.423276e-09	2.497800e+01	9.132474e+02
2.380000e-06	4.747894e-09	3.484192e-09	2.541562e+01	9.294940e+02
2.390000e-06	4.829256e-09	3.544563e-09	2.585126e+01	9.455825e+02
2.400000e-06	4.910246e-09	3.604519e-09	2.628496e+01	9.615763e+02
2.410000e-06	4.990834e-09	3.662911e-09	2.671661e+01	9.771670e+02
2.420000e-06	5.071044e-09	3.719242e-09	2.714625e+01	9.922119e+02
2.430000e-06	5.150900e-09	3.774277e-09	2.757403e+01	1.006893e+03
2.440000e-06	5.230417e-09	3.828740e-09	2.799999e+01	1.021388e+03
2.450000e-06	5.309569e-09	3.882891e-09	2.842399e+01	1.035781e+03
2.460000e-06	5.388306e-09	3.936674e-09	2.884571e+01	1.050082e+03
2.470000e-06	5.466611e-09	3.990145e-09	2.926508e+01	1.064338e+03
2.480000e-06	5.544489e-09	4.043356e-09	2.968219e+01	1.078554e+03
2.490000e-06	5.621924e-09	4.095921e-09	3.009695e+01	1.092587e+03
2.500000e-06	5.698941e-09	4.147068e-09	3.050942e+01	1.106226e+03
2.510000e-06	5.775553e-09	4.196039e-09	3.091968e+01	1.119293e+03
2.520000e-06	5.851696e-09	4.243439e-09	3.132748e+01	1.131935e+03
2.530000e-06	5.927305e-09	4.290763e-09	3.173251e+01	1.144525e+03
2.540000e-06	6.002390e-09	4.338206e-09	3.213478e+01	1.157135e+03
2.550000e-06	6.076972e-09	4.385209e-09	3.253441e+01	1.169648e+03
2.560000e-06	6.151063e-09	4.431356e-09	3.293139e+01	1.181963e+03
2.570000e-06	6.224655e-09	4.476470e-09	3.332564e+01	1.194019e+03
2.580000e-06	6.297744e-09	4.520786e-09	3.371711e+01	1.205854e+03
2.590000e-06	6.370336e-09	4.564049e-09	3.410581e+01	1.217387e+03
2.600000e-06	6.442412e-09	4.605937e-09	3.449177e+01	1.228542e+03
2.610000e-06	6.514003e-09	4.646797e-09	3.487518e+01	1.239426e+03
2.620000e-06	6.585172e-09	4.687324e-09	3.525635e+01	1.250219e+03
2.630000e-06	6.655902e-09	4.728275e-09	3.563517e+01	1.261123e+03
2.640000e-06	6.726144e-09	4.769488e-09	3.601139e+01	1.272107e+03
2.650000e-06	6.795896e-09	4.809824e-09	3.638498e+01	1.282858e+03
2.660000e-06	6.865177e-09	4.848816e-09	3.675604e+01	1.293244e+03
2.670000e-06	6.934025e-09	4.886816e-09	3.712472e+01	1.303368e+03
2.680000e-06	7.002452e-09	4.924435e-09	3.749109e+01	1.313393e+03
2.690000e-06	7.070419e-09	4.961699e-09	3.785503e+01	1.323319e+03
2.700000e-06	7.137890e-09	4.998319e-09	3.821642e+01	1.333083e+03
2.710000e-06	7.204841e-09	5.034724e-09	3.857510e+01	1.342795e+03
2.720000e-06	7.271231e-09	5.070842e-09	3.893083e+01	1.352417e+03
2.730000e-06	7.337037e-09	5.106498e-09	3.928340e+01	1.361917e+03
2.740000e-06	7.402249e-09	5.141409e-09	3.963267e+01	1.371220e+03
2.750000e-06	7.466865e-09	5.175039e-09	3.997870e+01	1.380173e+03
2.760000e-06	7.530910e-09	5.207741e-09	4.032167e+01	1.388889e+03
2.770000e-06	7.594441e-09	5.239946e-09	4.066190e+01	1.397477e+03
2.780000e-06	7.657506e-09	5.271740e-09	4.099970e+01	1.405954e+03
2.790000e-06	7.720122e-09	5.303289e-09	4.133505e+01	1.414356e+03
2.800000e-06	7.782234e-09	5.334544e-09	4.166768e+01	1.422682e+03
2.810000e-06	7.843807e-09	5.364842e-09	4.199746e+01	1.430764e+03
2.820000e-06	7.904884e-09	5.394104e-09	4.232457e+01	1.438569e+03
2.830000e-06	7.965502e-09	5.423163e-09	4.264915e+01	1.446311e+03
2.840000e-06	8.025652e-09	5.451979e-09	4.297120e+01	1.453987e+03
2.850000e-06	8.085269e-09	5.479866e-09	4.329045e+01	1.461431e+03
2.860000e-06	8.144281e-09	5.507111e-09	4.360659e+01	1.468691e+03
2.870000e-06	8.202614e-09	5.534274e-09	4.391921e+01	1.475910e+03
2.880000e-06	8.260214e-09	5.561204e-09	4.422785e+01	1.483083e+03
2.890000e-06	8.317091e-09	5.587916e-09	4.453250e+01	1.490201e+03
2.900000e-06	8.373300e-09	5.614118e-09	4.483349e+01	1.497180e+03
2.910000e-06	8.428918e-09	5.639501e-09	4.513136e+01	1.503957e+03
2.920000e-06	8.484008e-09	5.664304e-09	4.542642e+01	1.510576e+03
2.930000e-06	8.538556e-09	5.688664e-09	4.571854e+01	1.517065e+03
2.940000e-06	8.592497e-09	5.712794e-09	4.600746e+01	1.523496e+03
2.950000e-06	8.645840e-09	5.736621e-09	4.629321e+01	1.529846e+03
2.960000e-06	8.698598e-09	5.760118e-09	4.657581e+01	1.536095e+03
2.970000e-06	8.750694e-09	5.783531e-09	4.685488e+01	1.542316e+03
2.980000e-06	8.802035e-09	5.806523e-09	4.713001e+01	1.548437e+03
2.990000e-06	8.852565e-09	5.828552e-09	4.740086e+01	1.554306e+03
3.000000e-06	8.902248e-09	5.850003e-09	4.766710e+01	1.560029e+03
3.010000e-06	8.951127e-09	5.871260e-09	4.792893e+01	1.565707e+03
3.020000e-06	8.999306e-09	5.892055e-09	4.818694e+01	1.571252e+03
3.030000e-06	9.046885e-09	5.912780e-09	4.844171e+01	1.576766e+03
3.040000e-06	9.093879e-09	5.933747e-09	4.869341e+01	1.582339e+03
3.050000e-06	9.140231e-09	5.953998e-09	4.894172e+01	1.587723e+03
3.060000e-06	9.185922e-09	5.973304e-09	4.918652e+01	1.592857e+03
3.070000e-06	9.230974e-09	5.992249e-09	4.942788e+01	1.597893e+03
3.080000e-06	9.275463e-09	6.010638e-09	4.966613e+01	1.602779e+03
3.090000e-06	9.319439e-09	6.028177e-09	4.990162e+01	1.607448e+03
3.100000e-06	9.362887e-09	6.045278e-09	5.013437e+01	1.612020e+03
3.110000e-06	9.405646e-09	6.062222e-09	5.036351e+01	1.616554e+03
3.120000e-06	9.447515e-09	6.078818e-09	5.058796e+01	1.620982e+03
3.130000e-06	9.488506e-09	6.095111e-09	5.080766e+01	1.625313e+03
3.140000e-06	9.528785e-09	6.111134e-09	5.102342e+01	1.629559e+03
3.150000e-06	9.568493e-09	6.126764e-09	5.123610e+01	1.633707e+03
3.160000e-06	9.607609e-09	6.141673e-09	5.144563e+01	1.637669e+03
3.170000e-06	9.646064e-09	6.156241e-09	5.165162e+01	1.641535e+03
3.180000e-06	9.683831e-09	6.171017e-09	5.185394e+01	1.645458e+03
3.190000e-06	9.720899e-09	6.185205e-09	5.205253e+01	1.649238e+03
3.200000e-06	9.757335e-09	6.198480e-09	5.224768e+01	1.652797e+03
3.210000e-06	9.793252e-09	6.211580e-09	5.244003e+01	1.656308e+03
3.220000e-06	9.828610e-09	6.224640e-09	5.262946e+01	1.659789e+03
3.230000e-06	9.863176e-09	6.237423e-09	5.281472e+01	1.663179e+03
3.240000e-06	9.896774e-09	6.250189e-09	5.299483e+01	1.666556e+03
3.250000e-06	9.929477e-09	6.262949e-09	5.317012e+01	1.669928e+03
3.260000e-06	9.961518e-09	6.275093e-09	5.334175e+01	1.673142e+03
3.270000e-06	9.992995e-09	6.286946e-09	5.351033e+01	1.676296e+03
3.280000e-06	1.002384e-08	6.299141e-09	5.367559e+01	1.679552e+03
3.290000e-06	1.005400e-08	6.310875e-09	5.383718e+01	1.682686e+03
3.300000e-06	1.008344e-08	6.321559e-09	5.399492e+01	1.685546e+03
3.310000e-06	1.011219e-08	6.331970e-09	5.414893e+01	1.688338e+03
3.320000e-06	1.014036e-08	6.342514e-09	5.429979e+01	1.691139e+03
3.330000e-06	1.016799e-08	6.353042e-09	5.444778e+01	1.693906e+03
3.340000e-06	1.019488e-08	6.363486e-09	5.459190e+01	1.696653e+03
3.350000e-06	1.022074e-08	6.373481e-09	5.473058e+01	1.699299e+03
3.360000e-06	1.024558e-08	6.383070e-09	5.486372e+01	1.701852e+03
3.370000e-06	1.026965e-08	6.392539e-09	5.499266e+01	1.704388e+03
3.380000e-06	1.029307e-08	6.401744e-09	5.511808e+01	1.706852e+03
3.390000e-06	1.031580e-08	6.410355e-09	5.523990e+01	1.709152e+03
3.400000e-06	1.033785e-08	6.418532e-09	5.535805e+01	1.711344e+03
3.410000e-06	1.035919e-08	6.426713e-09	5.547238e+01	1.713528e+03
3.420000e-06	1.037985e-08	6.434839e-09	5.558307e+01	1.715673e+03
3.430000e-06	1.039998e-08	6.442656e-09	5.569089e+01	1.717726e+03
3.440000e-06	1.041958e-08	6.450270e-09	5.579587e+01	1.719745e+03
3.450000e-06	1.043844e-08	6.457652e-09	5.589696e+01	1.721725e+03
3.460000e-06	1.045643e-08	6.464390e-09	5.599342e+01	1.723542e+03
3.470000e-06	1.047365e-08	6.470830e-09	5.608566e+01	1.725282e+03
3.480000e-06	1.049020e-08	6.476980e-09	5.617428e+01	1.726934e+03
3.490000e-06	1.050593e-08	6.482435e-09	5.625860e+01	1.728392e+03
3.500000e-06	1.052074e-08	6.487644e-09	5.633801e+01	1.729761e+03
3.510000e-06	1.053473e-08	6.492763e-09	5.641302e+01	1.731093e+03
3.520000e-06	1.054797e-08	6.497838e-09	5.648403e+01	1.732428e+03
3.530000e-06	1.056050e-08	6.502840e-09	5.655119e+01	1.733750e+03
3.540000e-06	1.057231e-08	6.507274e-09	5.661457e+01	1.734941e+03
3.550000e-06	1.058325e-08	6.511262e-09	5.667332e+01	1.736043e+03
3.560000e-06	1.059308e-08	6.515029e-09	5.672612e+01	1.737073e+03
3.570000e-06	1.060186e-08	6.518096e-09	5.677326e+01	1.737881e+03
3.580000e-06	1.060994e-08	6.520425e-09	5.681653e+01	1.738476e+03
3.590000e-06	1.061741e-08	6.522429e-09	5.685659e+01	1.738995e+03
3.600000e-06	1.062416e-08	6.524321e-09	5.689280e+01	1.739484e+03
3.610000e-06	1.063015e-08	6.526196e-09	5.692497e+01	1.739965e+03
3.620000e-06	1.063538e-08	6.528268e-09	5.695304e+01	1.740519e+03
3.630000e-06	1.063989e-08	6.530226e-09	5.697729e+01	1.741064e+03
3.640000e-06	1.064389e-08	6.531384e-09	5.699876e+01	1.741394e+03
3.650000e-06	1.064733e-08	6.532021e-09	5.701728e+01	1.741558e+03
3.660000e-06	1.064986e-08	6.532469e-09	5.703093e+01	1.741655e+03
3.670000e-06	1.065126e-08	6.532662e-09	5.703855e+01	1.741689e+03
3.680000e-06	1.065176e-08	6.532553e-09	5.704132e+01	1.741652e+03
3.690000e-06	1.065166e-08	6.532245e-09	5.704087e+01	1.741572e+03
3.700000e-06	1.065095e-08	6.532242e-09	5.703711e+01	1.741582e+03
3.710000e-06	1.064954e-08	6.532089e-09	5.702959e+01	1.741547e+03
3.720000e-06	1.064744e-08	6.531014e-09	5.701838e+01	1.741238e+03
3.730000e-06	1.064464e-08	6.529551e-09	5.700352e+01	1.740837e+03
3.740000e-06	1.064120e-08	6.527969e-09	5.698518e+01	1.740424e+03
3.750000e-06	1.063728e-08	6.526030e-09	5.696420e+01	1.739885e+03
3.760000e-06	1.063289e-08	6.524899e-09	5.694069e+01	1.739585e+03
3.770000e-06	1.062772e-08	6.523097e-09	5.691307e+01	1.739191e+03
3.780000e-06	1.062138e-08	6.516681e-09	5.687927e+01	1.737238e+03
3.790000e-06	1.061369e-08	6.514206e-09	5.683825e+01	1.736308e+03
3.800000e-06	1.060466e-08	6.520810e-09	5.679001e+01	1.738435e+03
3.810000e-06	1.059465e-08	6.519645e-09	5.673643e+01	1.738840e+03
3.820000e-06	1.058438e-08	6.503286e-09	5.668146e+01	1.734300e+03
3.830000e-06	1.057407e-08	6.493047e-09	5.662624e+01	1.730564e+03
3.840000e-06	1.056301e-08	6.503938e-09	5.656709e+01	1.733561e+03
3.850000e-06	1.055086e-08	6.499167e-09	5.650211e+01	1.733088e+03
3.860000e-06	1.053807e-08	6.458732e-09	5.643372e+01	1.721290e+03
3.870000e-06	1.052473e-08	6.453017e-09	5.636232e+01	1.718571e+03
3.880000e-06	1.051022e-08	6.500571e-09	5.628469e+01	1.732778e+03
3.890000e-06	1.049454e-08	6.505676e-09	5.620086e+01	1.735394e+03
3.900000e-06	1.047833e-08	6.468754e-09	5.611415e+01	1.724895e+03
3.910000e-06	1.046157e-08	6.464342e-09	5.602445e+01	1.723472e+03
3.920000e-06	1.044394e-08	6.479025e-09	5.593010e+01	1.728587e+03
3.930000e-06	1.042560e-08	6.482219e-09	5.583196e+01	1.730000e+03
3.940000e-06	1.040670e-08	6.496816e-09	5.573080e+01	1.733481e+03
3.950000e-06	1.038706e-08	6.541423e-09	5.562570e+01	1.747015e+03
3.960000e-06	1.036666e-08	6.553354e-09	5.551648e+01	1.751741e+03
3.970000e-06	1.034549e-08	6.522004e-09	5.540316e+01	1.742717e+03
3.980000e-06	1.032331e-08	6.499589e-09	5.528444e+01	1.736224e+03
3.990000e-06	1.030008e-08	6.475433e-09	5.516015e+01	1.730061e+03
4.000000e-06	1.027618e-08	6.434487e-09	5.503218e+01	1.717941e+03
4.010000e-06	1.025169e-08	6.430242e-09	5.490115e+01	1.715557e+03
4.020000e-06	1.022649e-08	6.461154e-09	5.476628e+01	1.724930e+03
4.030000e-06	1.020059e-08	6.477518e-09	5.462760e+01	1.730152e+03
4.040000e-06	1.017399e-08	6.498325e-09	5.448520e+01	1.735683e+03
4.050000e-06	1.014669e-08	6.531711e-09	5.433905e+01	1.746028e+03
4.060000e-06	1.011885e-08	6.541641e-09	5.418998e+01	1.750011e+03
4.070000e-06	1.009042e-08	6.532192e-09	5.403777e+01	1.746775e+03
4.080000e-06	1.006114e-08	6.531142e-09	5.388107e+01	1.746258e+03
4.090000e-06	1.003086e-08	6.520332e-09	5.371893e+01	1.743744e+03
4.100000e-06	9.999587e-09	6.506107e-09	5.355144e+01	1.738911e+03
4.110000e-06	9.967523e-09	6.503047e-09	5.337980e+01	1.737564e+03
4.120000e-06	9.934852e-09	6.500641e-09	5.320491e+01	1.737424e+03
4.130000e-06	9.901532e-09	6.499854e-09	5.302654e+01	1.736790e+03
4.140000e-06	9.867553e-09	6.492485e-09	5.284467e+01	1.734586e+03
4.150000e-06	9.832980e-09	6.477130e-09	5.265962e+01	1.730895e+03
4.160000e-06	9.797802e-09	6.475848e-09	5.247131e+01	1.730392e+03
4.170000e-06	9.762055e-09	6.469459e-09	5.227995e+01	1.728595e+03
4.180000e-06	9.725719e-09	6.448195e-09	5.208545e+01	1.723108e+03
4.190000e-06	9.688587e-09	6.441649e-09	5.188665e+01	1.721254e+03
4.200000e-06	9.650471e-09	6.431552e-09	5.168255e+01	1.718561e+03
4.210000e-06	9.611440e-09	6.406383e-09	5.147358e+01	1.711928e+03
4.220000e-06	9.571699e-09	6.396350e-09	5.126083e+01	1.709121e+03
4.230000e-06	9.531353e-09	6.386942e-09	5.104484e+01	1.706570e+03
4.240000e-06	9.490363e-09	6.363816e-09	5.082542e+01	1.700468e+03
4.250000e-06	9.448675e-09	6.352394e-09	5.060224e+01	1.697446e+03
4.260000e-06	9.406321e-09	6.343942e-09	5.037550e+01	1.695181e+03
4.270000e-06	9.363359e-09	6.324695e-09	5.014549e+01	1.690054e+03
4.280000e-06	9.319849e-09	6.309854e-09	4.991251e+01	1.686154e+03
4.290000e-06	9.275856e-09	6.295304e-09	4.967700e+01	1.682238e+03
4.300000e-06	9.231336e-09	6.274221e-09	4.943867e+01	1.676566e+03
4.310000e-06	9.186191e-09	6.257575e-09	4.919692e+01	1.672161e+03
4.320000e-06	9.140356e-09	6.242854e-09	4.895145e+01	1.668194e+03
4.330000e-06	9.093853e-09	6.224657e-09	4.870241e+01	1.663282e+03
4.340000e-06	9.046693e-09	6.208190e-09	4.844986e+01	1.658970e+03
4.350000e-06	8.998809e-09	6.191345e-09	4.819344e+01	1.654507e+03
4.360000e-06	8.950177e-09	6.171944e-09	4.793299e+01	1.649267e+03
4.370000e-06	8.900774e-09	6.154368e-09	4.766839e+01	1.644576e+03
4.380000e-06	8.850614e-09	6.135362e-09	4.739977e+01	1.639523e+03
4.390000e-06	8.799784e-09	6.112718e-09	4.712759e+01	1.633438e+03
4.400000e-06	8.748313e-09	6.093302e-09	4.685196e+01	1.628235e+03
4.410000e-06	8.696137e-09	6.075526e-09	4.657255e+01	1.623512e+03
4.420000e-06	8.643236e-09	6.054615e-09	4.628920e+01	1.617935e+03
4.430000e-06	8.589606e-09	6.034248e-09	4.600187e+01	1.612466e+03
4.440000e-06	8.535206e-09	6.014922e-09	4.571045e+01	1.607313e+03
4.450000e-06	8.480051e-09	5.993121e-09	4.541507e+01	1.601535e+03
4.460000e-06	8.424255e-09	5.970937e-09	4.511631e+01	1.595580e+03
4.470000e-06	8.367918e-09	5.949537e-09	4.481471e+01	1.589806e+03
4.480000e-06	8.311043e-09	5.926974e-09	4.451020e+01	1.583826e+03
4.490000e-06	8.253586e-09	5.903037e-09	4.420253e+01	1.577478e+03
4.500000e-06	8.195532e-09	5.879787e-09	4.389165e+01	1.571228e+03
4.510000e-06	8.136894e-09	5.857519e-09	4.357767e+01	1.565284e+03
4.520000e-06	8.077696e-09	5.834423e-09	4.326070e+01	1.559139e+03
4.530000e-06	8.017942e-09	5.810351e-09	4.294078e+01	1.552668e+03
4.540000e-06	7.957648e-09	5.786035e-09	4.261798e+01	1.546166e+03
4.550000e-06	7.896768e-09	5.760831e-09	4.229200e+01	1.539479e+03
4.560000e-06	7.835260e-09	5.734980e-09	4.196259e+01	1.532575e+03
4.570000e-06	7.773146e-09	5.709373e-09	4.162986e+01	1.525735e+03
4.580000e-06	7.710410e-09	5.683402e-09	4.129383e+01	1.518825e+03
4.590000e-06	7.647073e-09	5.656364e-09	4.095464e+01	1.511607e+03
4.600000e-06	7.583170e-09	5.629483e-09	4.061243e+01	1.504409e+03
4.610000e-06	7.518716e-09	5.603404e-09	4.026733e+01	1.497441e+03
4.620000e-06	7.453765e-09	5.576256e-09	3.991959e+01	1.490182e+03
4.630000e-06	7.388342e-09	5.547442e-09	3.956924e+01	1.482482e+03
4.640000e-06	7.322403e-09	5.518460e-09	3.921609e+01	1.474771e+03
4.650000e-06	7.255954e-09	5.489551e-09	3.886026e+01	1.467084e+03
4.660000e-06	7.189050e-09	5.460086e-09	3.850202e+01	1.459200e+03
4.670000e-06	7.121708e-09	5.430719e-09	3.814145e+01	1.451333e+03
4.680000e-06	7.053912e-09	5.401127e-09	3.777848e+01	1.443434e+03
4.690000e-06	6.985621e-09	5.370538e-09	3.741287e+01	1.435276e+03
4.700000e-06	6.916817e-09	5.339578e-09	3.704449e+01	1.427006e+03
4.710000e-06	6.847499e-09	5.308528e-09	3.667326e+01	1.418727e+03
4.720000e-06	6.777685e-09	5.276454e-09	3.629931e+01	1.410199e+03
4.730000e-06	6.707366e-09	5.243376e-09	3.592269e+01	1.401387e+03
4.740000e-06	6.636469e-09	5.209984e-09	3.554298e+01	1.392472e+03
4.750000e-06	6.564998e-09	5.176575e-09	3.516021e+01	1.383556e+03
4.760000e-06	6.493014e-09	5.142937e-09	3.477477e+01	1.374573e+03
4.770000e-06	6.420580e-09	5.109028e-09	3.438699e+01	1.365493e+03
4.780000e-06	6.347751e-09	5.074943e-09	3.399709e+01	1.356392e+03
4.790000e-06	6.274525e-09	5.040511e-09	3.360501e+01	1.347251e+03
4.800000e-06	6.200860e-09	5.005068e-09	3.321053e+01	1.337823e+03
4.810000e-06	6.126768e-09	4.968154e-09	3.281375e+01	1.327969e+03
4.820000e-06	6.052276e-09	4.930654e-09	3.241483e+01	1.317970e+03
4.830000e-06	5.977369e-09	4.893492e-09	3.201374e+01	1.308059e+03
4.840000e-06	5.902037e-09	4.855932e-09	3.161039e+01	1.298008e+03
4.850000e-06	5.826258e-09	4.817955e-09	3.120463e+01	1.287851e+03
4.860000e-06	5.749996e-09	4.780434e-09	3.079623e+01	1.277841e+03
4.870000e-06	5.673238e-09	4.742464e-09	3.038512e+01	1.267710e+03
4.880000e-06	5.595996e-09	4.703238e-09	2.997145e+01	1.257261e+03
4.890000e-06	5.518270e-09	4.663366e-09	2.955518e+01	1.246663e+03
4.900000e-06	5.440075e-09	4.622714e-09	2.913634e+01	1.235829e+03
4.910000e-06	5.361408e-09	4.580657e-09	2.871493e+01	1.224584e+03
4.920000e-06	5.282248e-09	4.538236e-09	2.829094e+01	1.213245e+03
4.930000e-06	5.202618e-09	4.496294e-09	2.786449e+01	1.202046e+03
4.940000e-06	5.122558e-09	4.454152e-09	2.743583e+01	1.190801e+03
4.950000e-06	5.042136e-09	4.411471e-09	2.700533e+01	1.179415e+03
4.960000e-06	4.961417e-09	4.368425e-09	2.657322e+01	1.167937e+03
4.970000e-06	4.880441e-09	4.324259e-09	2.613964e+01	1.156173e+03
4.980000e-06	4.799199e-09	4.278629e-09	2.570459e+01	1.144031e+03
4.990000e-06	4.717661e-09	4.232251e-09	2.526792e+01	1.131669e+03
5.000000e-06	4.635833e-09	4.185563e-09	2.482968e+01	1.119184e+03
5.010000e-06	4.553707e-09	4.138366e-09	2.438992e+01	1.106569e+03
5.020000e-06	4.471279e-09	4.090693e-09	2.394856e+01	1.093846e+03
5.030000e-06	4.388555e-09	4.042827e-09	2.350561e+01	1.081072e+03
5.040000e-06	4.305553e-09	3.994494e-09	2.306121e+01	1.068185e+03
5.050000e-06	4.222283e-09	3.945158e-09	2.261538e+01	1.055043e+03
5.060000e-06	4.138730e-09	3.895154e-09	2.216804e+01	1.041719e+03
5.070000e-06	4.054891e-09	3.844698e-09	2.171916e+01	1.028255e+03
5.080000e-06	3.970748e-09	3.793569e-09	2.126865e+01	1.014601e+03
5.090000e-06	3.886282e-09	3.742002e-09	2.081644e+01	1.000841e+03
5.100000e-06	3.801523e-09	3.690248e-09	2.036265e+01	9.870275e+02
5.110000e-06	3.716478e-09	3.637581e-09	1.990724e+01	9.729638e+02
5.120000e-06	3.631160e-09	3.583384e-09	1.945033e+01	9.585015e+02
5.130000e-06	3.545626e-09	3.528373e-09	1.899226e+01	9.438344e+02
5.140000e-06	3.459893e-09	3.473041e-09	1.853306e+01	9.290762e+02
5.150000e-06	3.373928e-09	3.417092e-09	1.807254e+01	9.141411e+02
5.160000e-06	3.287702e-09	3.360168e-09	1.761059e+01	8.989386e+02
5.170000e-06	3.201183e-09	3.302457e-09	1.714707e+01	8.835273e+02
5.180000e-06	3.114358e-09	3.244235e-09	1.668193e+01	8.679849e+02
5.190000e-06	3.027239e-09	3.184868e-09	1.621528e+01	8.521361e+02
5.200000e-06	2.939816e-09	3.124235e-09	1.574707e+01	8.359548e+02
5.210000e-06	2.852137e-09	3.063070e-09	1.527747e+01	8.196357e+02
5.220000e-06	2.764231e-09	3.001111e-09	1.480670e+01	8.030959e+02
5.230000e-06	2.676118e-09	2.937997e-09	1.433492e+01	7.862421e+02
5.240000e-06	2.587853e-09	2.874182e-09	1.386238e+01	7.692006e+02
5.250000e-06	2.499475e-09	2.809973e-09	1.338922e+01	7.520588e+02
5.260000e-06	2.410956e-09	2.744512e-09	1.291528e+01	7.345787e+02
5.270000e-06	2.322292e-09	2.678195e-09	1.244061e+01	7.168652e+02
5.280000e-06	2.233502e-09	2.612169e-09	1.196523e+01	6.992409e+02
5.290000e-06	2.144563e-09	2.545634e-09	1.148904e+01	6.814768e+02
5.300000e-06	2.055474e-09	2.477981e-09	1.101206e+01	6.634146e+02
5.310000e-06	1.966271e-09	2.409797e-09	1.053443e+01	6.452128e+02
5.320000e-06	1.876944e-09	2.340573e-09	1.005610e+01	6.267152e+02
5.330000e-06	1.787464e-09	2.269790e-09	9.576945e+00	6.078009e+02
5.340000e-06	1.697862e-09	2.198432e-09	9.097130e+00	5.887468e+02
5.350000e-06	1.608165e-09	2.127017e-09	8.616784e+00	5.696799e+02
5.360000e-06	1.518379e-09	2.055434e-09	8.135968e+00	5.505635e+02
5.370000e-06	1.428513e-09	1.983800e-09	7.654770e+00	5.314320e+02
5.380000e-06	1.338594e-09	1.911667e-09	7.173307e+00	5.121606e+02
5.390000e-06	1.248633e-09	1.838526e-09	6.691548e+00	4.926184e+02
5.400000e-06	1.158589e-09	1.764531e-09	6.209361e+00	4.728522e+02
5.410000e-06	1.068442e-09	1.690057e-09	5.726626e+00	4.529327e+02
5.420000e-06	9.782251e-10	1.615035e-09	5.243456e+00	4.328477e+02
5.430000e-06	8.879443e-10	1.539556e-09	4.760011e+00	4.126571e+02
5.440000e-06	7.975857e-10	1.464190e-09	4.276190e+00	3.925170e+02
5.450000e-06	7.071679e-10	1.389164e-09	3.792044e+00	3.724816e+02
5.460000e-06	6.167050e-10	1.314431e-09	3.307640e+00	3.525274e+02
5.470000e-06	5.262007e-10	1.239690e-09	2.822985e+00	3.325516e+02
5.480000e-06	4.356587e-10	1.164434e-09	2.338145e+00	3.124256e+02
5.490000e-06	3.450978e-10	1.088173e-09	1.853228e+00	2.920311e+02
5.500000e-06	2.545498e-10	1.011332e-09	1.368354e+00	2.714675e+02
5.510000e-06	1.640146e-10	9.343275e-10	8.834895e-01	2.508560e+02
5.520000e-06	7.349863e-11	8.577188e-10	3.987646e-01	2.303647e+02
5.530000e-06	-1.700609e-11	7.818418e-10	-8.584021e-02	2.100672e+02
5.540000e-06	-1.075082e-10	7.062297e-10	-5.704702e-01	1.898468e+02
5.550000e-06	-1.980099e-10	6.305691e-10	-1.055059e+00	1.696299e+02
5.560000e-06	-2.885084e-10	5.546537e-10	-1.539619e+00	1.493418e+02
5.570000e-06	-3.789769e-10	4.782129e-10	-2.024117e+00	1.288929e+02
5.580000e-06	-4.694149e-10	4.006040e-10	-2.508488e+00	1.081120e+02
5.590000e-06	-5.598484e-10	3.216222e-10	-2.992810e+00	8.696306e+01
5.600000e-06	-6.502609e-10	2.423902e-10	-3.476975e+00	6.576113e+01
5.610000e-06	-7.406215e-10	1.636686e-10	-3.960841e+00	4.472067e+01
5.620000e-06	-8.309319e-10	8.517604e-11	-4.444439e+00	2.374792e+01
5.630000e-06	-9.211825e-10	6.523371e-12	-4.927724e+00	2.717629e+00
5.640000e-06	-1.011360e-09	-7.274772e-11	-5.410624e+00	-1.847673e+01
5.650000e-06	-1.101450e-09	-1.527798e-10	-5.893069e+00	-3.986835e+01
5.660000e-06	-1.191443e-09	-2.333846e-10	-6.375019e+00	-6.142181e+01
5.670000e-06	-1.281339e-09	-3.148726e-10	-6.856427e+00	-8.321945e+01
5.680000e-06	-1.371131e-09	-3.976221e-10	-7.337287e+00	-1.053602e+02
5.690000e-06	-1.460823e-09	-4.811566e-10	-7.817605e+00	-1.276990e+02
5.700000e-06	-1.550446e-09	-5.647800e-10	-8.297556e+00	-1.500525e+02
5.710000e-06	-1.639987e-09	-6.483954e-10	-8.777081e+00	-1.724097e+02
5.720000e-06	-1.729423e-09	-7.324353e-10	-9.256003e+00	-1.948785e+02
5.730000e-06	-1.818750e-09	-8.176503e-10	-9.734341e+00	-2.176645e+02
5.740000e-06	-1.907961e-09	-9.040077e-10	-1.021205e+01	-2.407729e+02
5.750000e-06	-1.997059e-09	-9.906209e-10	-1.068916e+01	-2.639468e+02
5.760000e-06	-2.086039e-09	-1.077246e-09	-1.116562e+01	-2.871081e+02
5.770000e-06	-2.174890e-09	-1.164387e-09	-1.164135e+01	-3.104204e+02
5.780000e-06	-2.263594e-09	-1.252422e-09	-1.211629e+01	-3.339851e+02
5.790000e-06	-2.352144e-09	-1.340888e-09	-1.259043e+01	-3.576418e+02
5.800000e-06	-2.440524e-09	-1.429003e-09	-1.306365e+01	-3.811718e+02
5.810000e-06	-2.528725e-09	-1.516524e-09	-1.353586e+01	-4.045504e+02
5.820000e-06	-2.616730e-09	-1.603482e-09	-1.400708e+01	-4.278069e+02
5.830000e-06	-2.704537e-09	-1.689899e-09	-1.447724e+01	-4.509252e+02
5.840000e-06	-2.792150e-09	-1.775790e-09	-1.494641e+01	-4.738837e+02
5.850000e-06	-2.879537e-09	-1.860608e-09	-1.541449e+01	-4.965350e+02
5.860000e-06	-2.966700e-09	-1.944331e-09	-1.588140e+01	-5.188988e+02
5.870000e-06	-3.053635e-09	-2.027668e-09	-1.634710e+01	-5.411642e+02
5.880000e-06	-3.140328e-09	-2.111029e-09	-1.681153e+01	-5.634252e+02
5.890000e-06	-3.226741e-09	-2.193872e-09	-1.727451e+01	-5.855399e+02
5.900000e-06	-3.312884e-09	-2.275079e-09	-1.773604e+01	-6.072106e+02
5.910000e-06	-3.398797e-09	-2.354801e-09	-1.819629e+01	-6.284874e+02
5.920000e-06	-3.484447e-09	-2.433748e-09	-1.865510e+01	-6.495810e+02
5.930000e-06	-3.569851e-09	-2.511899e-09	-1.911256e+01	-6.704747e+02
5.940000e-06	-3.654986e-09	-2.588893e-09	-1.956851e+01	-6.910431e+02
5.950000e-06	-3.739824e-09	-2.664159e-09	-2.002280e+01	-7.111337e+02
5.960000e-06	-3.824379e-09	-2.737864e-09	-2.047554e+01	-7.308089e+02
5.970000e-06	-3.908640e-09	-2.810758e-09	-2.092671e+01	-7.502671e+02
5.980000e-06	-3.992594e-09	-2.882521e-09	-2.137624e+01	-7.694122e+02
5.990000e-06	-4.076238e-09	-2.952996e-09	-2.182414e+01	-7.882079e+02
6.000000e-06	-4.159614e-09	-3.022629e-09	-2.227059e+01	-8.067815e+02
6.010000e-06	-4.242743e-09	-3.091308e-09	-2.271575e+01	-8.251073e+02
6.020000e-06	-4.325624e-09	-3.158880e-09	-2.315960e+01	-8.431468e+02
6.030000e-06	-4.408238e-09	-3.225907e-09	-2.360202e+01	-8.610419e+02
6.040000e-06	-4.490574e-09	-3.292090e-09	-2.404294e+01	-8.786976e+02
6.050000e-06	-4.572597e-09	-3.356148e-09	-2.448221e+01	-8.957762e+02
6.060000e-06	-4.654315e-09	-3.418292e-09	-2.491989e+01	-9.123412e+02
6.070000e-06	-4.735726e-09	-3.479602e-09	-2.535590e+01	-9.286778e+02
6.080000e-06	-4.816826e-09	-3.540316e-09	-2.579017e+01	-9.448595e+02
6.090000e-06	-4.897653e-09	-3.600257e-09	-2.622294e+01	-9.608540e+02
6.100000e-06	-4.978196e-09	-3.659119e-09	-2.665419e+01	-9.765745e+02
6.110000e-06	-5.058397e-09	-3.716586e-09	-2.708366e+01	-9.919155e+02
6.120000e-06	-5.138206e-09	-3.773188e-09	-2.751112e+01	-1.007021e+03
6.130000e-06	-5.217580e-09	-3.828981e-09	-2.793631e+01	-1.021905e+03
6.140000e-06	-5.296518e-09	-3.883140e-09	-2.835922e+01	-1.036330e+03
6.150000e-06	-5.375029e-09	-3.935833e-09	-2.877991e+01	-1.050348e+03
6.160000e-06	-5.453112e-09	-3.988116e-09	-2.919830e+01	-1.064277e+03
6.170000e-06	-5.530767e-09	-4.040391e-09	-2.961428e+01	-1.078220e+03
6.180000e-06	-5.607922e-09	-4.092419e-09	-3.002749e+01	-1.092092e+03
6.190000e-06	-5.684528e-09	-4.143829e-09	-3.043777e+01	-1.105819e+03
6.200000e-06	-5.760594e-09	-4.194225e-09	-3.084519e+01	-1.119281e+03
6.210000e-06	-5.836152e-09	-4.243803e-09	-3.124986e+01	-1.132510e+03
6.220000e-06	-5.911274e-09	-4.292542e-09	-3.165218e+01	-1.145501e+03
6.230000e-06	-5.985998e-09	-4.340021e-09	-3.205240e+01	-1.158149e+03
6.240000e-06	-6.060322e-09	-4.386522e-09	-3.245049e+01	-1.170541e+03
6.250000e-06	-6.134232e-09	-4.432177e-09	-3.284631e+01	-1.182705e+03
6.260000e-06	-6.207700e-09	-4.476987e-09	-3.323983e+01	-1.194639e+03
6.270000e-06	-6.280785e-09	-4.521585e-09	-3.363128e+01	-1.206526e+03
6.280000e-06	-6.353526e-09	-4.565737e-09	-3.402077e+01	-1.218310e+03
6.290000e-06	-6.425911e-09	-4.608328e-09	-3.440838e+01	-1.229679e+03
6.300000e-06	-6.497875e-09	-4.649567e-09	-3.479377e+01	-1.240686e+03
6.310000e-06	-6.569334e-09	-4.690557e-09	-3.517651e+01	-1.251620e+03
6.320000e-06	-6.640266e-09	-4.731271e-09	-3.555654e+01	-1.262472e+03
6.330000e-06	-6.710661e-09	-4.771181e-09	-3.593375e+01	-1.273113e+03
6.340000e-06	-6.780485e-09	-4.810295e-09	-3.630792e+01	-1.283536e+03
6.350000e-06	-6.849777e-09	-4.849062e-09	-3.667916e+01	-1.293868e+03
6.360000e-06	-6.918567e-09	-4.887773e-09	-3.704759e+01	-1.304190e+03
6.370000e-06	-6.986836e-09	-4.926258e-09	-3.741313e+01	-1.314449e+03
6.380000e-06	-7.054609e-09	-4.963864e-09	-3.777600e+01	-1.324488e+03
6.390000e-06	-7.121901e-09	-5.000304e-09	-3.813638e+01	-1.334228e+03
6.400000e-06	-7.188757e-09	-5.036180e-09	-3.849445e+01	-1.343811e+03
6.410000e-06	-7.255188e-09	-5.072127e-09	-3.885029e+01	-1.353397e+03
6.420000e-06	-7.321130e-09	-5.107910e-09	-3.920356e+01	-1.362929e+03
6.430000e-06	-7.386552e-09	-5.142553e-09	-3.955403e+01	-1.372151e+03
6.440000e-06	-7.451496e-09	-5.176244e-09	-3.990189e+01	-1.381126e+03
6.450000e-06	-7.515985e-09	-5.209976e-09	-4.024725e+01	-1.390124e+03
6.460000e-06	-7.579967e-09	-5.243748e-09	-4.058991e+01	-1.399137e+03
6.470000e-06	-7.643398e-09	-5.276712e-09	-4.092970e+01	-1.407945e+03
6.480000e-06	-7.706225e-09	-5.308420e-09	-4.126637e+01	-1.416424e+03
6.490000e-06	-7.768388e-09	-5.339305e-09	-4.159953e+01	-1.424676e+03
6.500000e-06	-7.829899e-09	-5.369987e-09	-4.192913e+01	-1.432856e+03
6.510000e-06	-7.890813e-09	-5.400116e-09	-4.225543e+01	-1.440870e+03
6.520000e-06	-7.951160e-09	-5.429246e-09	-4.257863e+01	-1.448608e+03
6.530000e-06	-8.010948e-09	-5.457804e-09	-4.289885e+01	-1.456203e+03
6.540000e-06	-8.070221e-09	-5.486150e-09	-4.321635e+01	-1.463773e+03
6.550000e-06	-8.129014e-09	-5.514129e-09	-4.353129e+01	-1.471256e+03
6.560000e-06	-8.187260e-09	-5.541544e-09	-4.384329e+01	-1.478589e+03
6.570000e-06	-8.244897e-09	-5.568551e-09	-4.415206e+01	-1.485827e+03
6.580000e-06	-8.301968e-09	-5.594779e-09	-4.445776e+01	-1.492848e+03
6.590000e-06	-8.358490e-09	-5.619832e-09	-4.476049e+01	-1.499523e+03
6.600000e-06	-8.414458e-09	-5.644574e-09	-4.506027e+01	-1.506097e+03
6.610000e-06	-8.469797e-09	-5.669401e-09	-4.535677e+01	-1.512697e+03
6.620000e-06	-8.524413e-09	-5.693615e-09	-4.564950e+01	-1.519142e+03
6.630000e-06	-8.578283e-09	-5.717398e-09	-4.593824e+01	-1.525482e+03
6.640000e-06	-8.631372e-09	-5.741316e-09	-4.622271e+01	-1.531883e+03
6.650000e-06	-8.683679e-09	-5.764701e-09	-4.650291e+01	-1.538154e+03
6.660000e-06	-8.735312e-09	-5.787159e-09	-4.677951e+01	-1.544158e+03
6.670000e-06	-8.786356e-09	-5.809405e-09	-4.705298e+01	-1.550085e+03
6.680000e-06	-8.836774e-09	-5.831181e-09	-4.732312e+01	-1.555867e+03
6.690000e-06	-8.886464e-09	-5.851846e-09	-4.758948e+01	-1.561337e+03
6.700000e-06	-8.935334e-09	-5.872280e-09	-4.785148e+01	-1.566765e+03
6.710000e-06	-8.983349e-09	-5.893020e-09	-4.810883e+01	-1.572301e+03
6.720000e-06	-9.030592e-09	-5.913395e-09	-4.836195e+01	-1.577748e+03
6.730000e-06	-9.077173e-09	-5.933731e-09	-4.861150e+01	-1.583191e+03
6.740000e-06	-9.123159e-09	-5.954250e-09	-4.885787e+01	-1.588684e+03
6.750000e-06	-9.168566e-09	-5.973925e-09	-4.910115e+01	-1.593935e+03
6.760000e-06	-9.213408e-09	-5.992505e-09	-4.934139e+01	-1.598874e+03
6.770000e-06	-9.257728e-09	-6.010931e-09	-4.957877e+01	-1.603761e+03
6.780000e-06	-9.301545e-09	-6.029435e-09	-4.981348e+01	-1.608684e+03
6.790000e-06	-9.344846e-09	-6.047722e-09	-5.004545e+01	-1.613569e+03
6.800000e-06	-9.387568e-09	-6.065698e-09	-5.027434e+01	-1.618378e+03
6.810000e-06	-9.429688e-09	-6.083246e-09	-5.049997e+01	-1.623076e+03
6.820000e-06	-9.471162e-09	-6.100419e-09	-5.072212e+01	-1.627671e+03
6.830000e-06	-9.511987e-09	-6.116990e-09	-5.094080e+01	-1.632085e+03
6.840000e-06	-9.552237e-09	-6.133024e-09	-5.115637e+01	-1.636341e+03
6.850000e-06	-9.591922e-09	-6.148806e-09	-5.136893e+01	-1.640536e+03
6.860000e-06	-9.630944e-09	-6.164164e-09	-5.157802e+01	-1.644625e+03
6.870000e-06	-9.669100e-09	-6.178902e-09	-5.178252e+01	-1.648560e+03
6.880000e-06	-9.706318e-09	-6.193229e-09	-5.198196e+01	-1.652400e+03
6.890000e-06	-9.742747e-09	-6.207533e-09	-5.217707e+01	-1.656233e+03
6.900000e-06	-9.778551e-09	-6.221272e-09	-5.236889e+01	-1.659904e+03
6.910000e-06	-9.813765e-09	-6.234351e-09	-5.255759e+01	-1.663385e+03
6.920000e-06	-9.848331e-09	-6.247376e-09	-5.274281e+01	-1.666845e+03
6.930000e-06	-9.882188e-09	-6.260197e-09	-5.292425e+01	-1.670251e+03
6.940000e-06	-9.915351e-09	-6.272688e-09	-5.310197e+01	-1.673567e+03
6.950000e-06	-9.947893e-09	-6.284802e-09	-5.327631e+01	-1.676796e+03
6.960000e-06	-9.979855e-09	-6.296345e-09	-5.344753e+01	-1.679890e+03
6.970000e-06	-1.001118e-08	-6.307285e-09	-5.361541e+01	-1.682820e+03
6.980000e-06	-1.004165e-08	-6.318006e-09	-5.377865e+01	-1.685681e+03
6.990000e-06	-1.007107e-08	-6.328619e-09	-5.393630e+01	-1.688513e+03
7.000000e-06	-1.009962e-08	-6.339202e-09	-5.408930e+01	-1.691334e+03
7.010000e-06	-1.012756e-08	-6.349433e-09	-5.423898e+01	-1.694055e+03
7.020000e-06	-1.015490e-08	-6.359157e-09	-5.438541e+01	-1.696648e+03
7.030000e-06	-1.018153e-08	-6.369029e-09	-5.452808e+01	-1.699294e+03
7.040000e-06	-1.020741e-08	-6.379131e-09	-5.466678e+01	-1.701997e+03
7.050000e-06	-1.023253e-08	-6.388709e-09	-5.480133e+01	-1.704546e+03
7.060000e-06	-1.025698e-08	-6.397188e-09	-5.493228e+01	-1.706801e+03
7.070000e-06	-1.028092e-08	-6.405287e-09	-5.506055e+01	-1.708964e+03
7.080000e-06	-1.030430e-08	-6.413559e-09	-5.518583e+01	-1.711183e+03
7.090000e-06	-1.032680e-08	-6.421890e-09	-5.530651e+01	-1.713428e+03
7.100000e-06	-1.034825e-08	-6.429725e-09	-5.542153e+01	-1.715532e+03
7.110000e-06	-1.036880e-08	-6.436834e-09	-5.553168e+01	-1.717421e+03
7.120000e-06	-1.038873e-08	-6.444091e-09	-5.563844e+01	-1.719354e+03
7.130000e-06	-1.040807e-08	-6.451936e-09	-5.574205e+01	-1.721444e+03
7.140000e-06	-1.042671e-08	-6.459588e-09	-5.584189e+01	-1.723460e+03
7.150000e-06	-1.044465e-08	-6.466249e-09	-5.593803e+01	-1.725228e+03
7.160000e-06	-1.046186e-08	-6.472460e-09	-5.603033e+01	-1.726909e+03
7.170000e-06	-1.047837e-08	-6.478666e-09	-5.611883e+01	-1.728597e+03
7.180000e-06	-1.049435e-08	-6.484077e-09	-5.620443e+01	-1.730062e+03
7.190000e-06	-1.050968e-08	-6.488971e-09	-5.628655e+01	-1.731369e+03
7.200000e-06	-1.052394e-08	-6.494143e-09	-5.636299e+01	-1.732741e+03
7.210000e-06	-1.053702e-08	-6.499205e-09	-5.643313e+01	-1.734075e+03
7.220000e-06	-1.054921e-08	-6.504291e-09	-5.649847e+01	-1.735424e+03
7.230000e-06	-1.056067e-08	-6.509689e-09	-5.655985e+01	-1.736867e+03
7.240000e-06	-1.057139e-08	-6.514761e-09	-5.661728e+01	-1.738226e+03
7.250000e-06	-1.058142e-08	-6.518748e-09	-5.667101e+01	-1.739322e+03
7.260000e-06	-1.059072e-08	-6.521947e-09	-5.672085e+01	-1.740218e+03
7.270000e-06	-1.059926e-08	-6.524941e-09	-5.676664e+01	-1.741037e+03
7.280000e-06	-1.060723e-08	-6.527701e-09	-5.680936e+01	-1.741758e+03
7.290000e-06	-1.061461e-08	-6.530324e-09	-5.684890e+01	-1.742424e+03
7.300000e-06	-1.062108e-08	-6.533100e-09	-5.688356e+01	-1.743144e+03
7.310000e-06	-1.062644e-08	-6.535963e-09	-5.691238e+01	-1.743898e+03
7.320000e-06	-1.063092e-08	-6.538798e-09	-5.693642e+01	-1.744667e+03
7.330000e-06	-1.063480e-08	-6.541489e-09	-5.695728e+01	-1.745417e+03
7.340000e-06	-1.063808e-08	-6.543426e-09	-5.697489e+01	-1.745957e+03
7.350000e-06	-1.064066e-08	-6.544262e-09	-5.698875e+01	-1.746202e+03
7.360000e-06	-1.064258e-08	-6.544327e-09	-5.699910e+01	-1.746229e+03
7.370000e-06	-1.064373e-08	-6.544284e-09	-5.700524e+01	-1.746196e+03
