t	CH1	CH2
0.000000e+00	1.329057e-04	-6.577455e+00
1.000000e-08	-5.128372e-04	-6.620108e+00
2.000000e-08	-1.438230e-03	-6.703192e+00
3.000000e-08	-8.866056e-04	-6.733644e+00
4.000000e-08	-2.316329e-04	-6.766853e+00
5.000000e-08	-7.405391e-04	-6.789079e+00
6.000000e-08	-8.574503e-04	-6.861564e+00
7.000000e-08	-5.052664e-04	-6.946799e+00
8.000000e-08	1.292216e-04	-6.996325e+00
9.000000e-08	-5.146165e-04	-7.049983e+00
1.000000e-07	-6.486523e-04	-7.044667e+00
1.100000e-07	-7.046984e-04	-7.137298e+00
1.200000e-07	-5.642542e-04	-7.198483e+00
1.300000e-07	-9.583702e-04	-7.240009e+00
1.400000e-07	-1.018634e-04	-7.283691e+00
1.500000e-07	-2.124218e-04	-7.354248e+00
1.600000e-07	-8.095766e-04	-7.356350e+00
1.700000e-07	-9.884400e-04	-7.408534e+00
1.800000e-07	-2.115577e-04	-7.432563e+00
1.900000e-07	-3.969458e-04	-7.503216e+00
2.000000e-07	-8.899859e-04	-7.525872e+00
2.100000e-07	-7.473277e-04	-7.607333e+00
2.200000e-07	-1.598316e-04	-7.619893e+00
2.300000e-07	-3.027409e-04	-7.650613e+00
2.400000e-07	-5.532701e-04	-7.732755e+00
2.500000e-07	-5.004148e-04	-7.787407e+00
2.600000e-07	-7.247906e-04	-7.819984e+00
2.700000e-07	-7.808210e-04	-7.880618e+00
2.800000e-07	-3.073295e-04	-7.916295e+00
2.900000e-07	-3.385152e-04	-7.946870e+00
3.000000e-07	-6.448081e-04	-8.028384e+00
3.100000e-07	-7.465206e-04	-8.071037e+00
3.200000e-07	-6.910695e-04	-8.112141e+00
3.300000e-07	-4.691361e-04	-8.113745e+00
3.400000e-07	-6.199416e-04	-8.165250e+00
3.500000e-07	-7.779673e-04	-8.165729e+00
3.600000e-07	-6.822665e-04	-8.197954e+00
3.700000e-07	5.030059e-05	-8.239008e+00
3.800000e-07	-2.179936e-04	-8.241660e+00
3.900000e-07	-5.431104e-04	-8.281692e+00
4.000000e-07	-7.535888e-04	-8.334667e+00
4.100000e-07	-6.868669e-04	-8.357269e+00
4.200000e-07	-8.394012e-04	-8.396378e+00
4.300000e-07	-6.696647e-04	-8.378927e+00
4.400000e-07	-5.100168e-04	-8.428009e+00
4.500000e-07	-5.427255e-04	-8.440593e+00
4.600000e-07	-5.385703e-04	-8.481145e+00
4.700000e-07	-3.251161e-04	-8.503665e+00
4.800000e-07	-4.704839e-04	-8.594804e+00
4.900000e-07	-7.666396e-04	-8.537252e+00
5.000000e-07	-7.904504e-04	-8.628409e+00
5.100000e-07	-7.656118e-04	-8.657382e+00
5.200000e-07	-5.758162e-04	-8.641157e+00
5.300000e-07	-4.033257e-04	-8.682066e+00
5.400000e-07	-4.435384e-04	-8.703768e+00
5.500000e-07	-6.314773e-04	-8.722221e+00
5.600000e-07	-4.348819e-04	-8.787398e+00
5.700000e-07	-6.616204e-04	-8.807304e+00
5.800000e-07	-8.482586e-04	-8.809404e+00
5.900000e-07	-7.054984e-04	-8.818486e+00
6.000000e-07	-6.684917e-04	-8.830012e+00
6.100000e-07	-4.961157e-04	-8.831136e+00
6.200000e-07	-2.538332e-04	-8.861063e+00
6.300000e-07	-4.491672e-04	-8.892588e+00
6.400000e-07	-4.812323e-04	-8.892217e+00
6.500000e-07	-6.244586e-04	-8.934724e+00
6.600000e-07	-5.882425e-04	-8.945294e+00
6.700000e-07	-5.257343e-04	-8.926324e+00
6.800000e-07	-7.290238e-04	-8.944845e+00
6.900000e-07	-7.306534e-04	-8.956321e+00
7.000000e-07	-4.278842e-04	-9.016925e+00
7.100000e-07	-4.821306e-04	-9.027330e+00
7.200000e-07	-5.226413e-04	-8.989355e+00
7.300000e-07	-4.663862e-04	-8.999507e+00
7.400000e-07	-3.609871e-04	-9.008510e+00
7.500000e-07	-5.644954e-04	-9.060977e+00
7.600000e-07	-5.967495e-04	-9.040462e+00
7.700000e-07	-6.742453e-04	-9.049060e+00
7.800000e-07	-5.585560e-04	-9.071134e+00
7.900000e-07	-5.734397e-04	-9.071560e+00
8.000000e-07	-4.895639e-04	-9.061587e+00
8.100000e-07	-5.108186e-04	-9.082687e+00
8.200000e-07	-2.604715e-04	-9.120115e+00
8.300000e-07	-5.977030e-04	-9.092588e+00
8.400000e-07	-5.735645e-04	-9.111613e+00
8.500000e-07	-6.708179e-04	-9.092190e+00
8.600000e-07	-6.136036e-04	-9.115139e+00
8.700000e-07	-4.201035e-04	-9.100639e+00
8.800000e-07	-5.361291e-04	-9.073709e+00
8.900000e-07	-3.220579e-04	-9.112688e+00
9.000000e-07	-3.166707e-04	-9.091614e+00
9.100000e-07	-4.157344e-04	-9.083116e+00
9.200000e-07	-4.874460e-04	-9.112616e+00
9.300000e-07	-4.806550e-04	-9.112640e+00
9.400000e-07	-7.194633e-04	-9.101664e+00
9.500000e-07	-6.303619e-04	-9.050611e+00
9.600000e-07	-4.700630e-04	-9.081091e+00
9.700000e-07	-3.479791e-04	-9.101112e+00
9.800000e-07	-5.093393e-04	-9.031565e+00
9.900000e-07	-4.417942e-04	-9.059589e+00
1.000000e-06	-3.706860e-04	-9.081087e+00
1.010000e-06	-5.733925e-04	-9.080013e+00
1.020000e-06	-5.471994e-04	-9.022510e+00
1.030000e-06	-4.750868e-04	-9.051059e+00
1.040000e-06	-4.772313e-04	-9.069429e+00
1.050000e-06	-5.310958e-04	-9.006908e+00
1.060000e-06	-4.679382e-04	-8.997928e+00
1.070000e-06	-3.804289e-04	-9.007428e+00
1.080000e-06	-4.069847e-04	-8.988925e+00
1.090000e-06	-4.084748e-04	-9.008324e+00
1.100000e-06	-3.848730e-04	-8.966775e+00
1.110000e-06	-4.092682e-04	-8.994725e+00
1.120000e-06	-3.509632e-04	-8.965800e+00
1.130000e-06	-3.029912e-04	-8.954172e+00
1.140000e-06	-4.852670e-04	-8.955141e+00
1.150000e-06	-2.519212e-04	-8.905190e+00
1.160000e-06	-6.948658e-05	-8.913163e+00
1.170000e-06	-2.993398e-04	-8.852562e+00
1.180000e-06	-2.749900e-04	-8.880610e+00
1.190000e-06	-1.525437e-04	-8.869961e+00
1.200000e-06	-2.610037e-04	-8.888950e+00
1.210000e-06	-2.606940e-04	-8.797454e+00
1.220000e-06	-3.360900e-04	-8.767898e+00
1.230000e-06	-5.451804e-04	-8.805796e+00
1.240000e-06	-5.198280e-04	-8.744690e+00
1.250000e-06	-4.240281e-04	-8.743190e+00
1.260000e-06	-3.958230e-04	-8.693585e+00
1.270000e-06	-3.959197e-04	-8.669483e+00
1.280000e-06	-3.329695e-04	-8.648956e+00
1.290000e-06	-4.051159e-04	-8.626905e+00
1.300000e-06	-3.309443e-04	-8.594847e+00
1.310000e-06	-3.301873e-04	-8.545202e+00
1.320000e-06	-4.751357e-04	-8.543641e+00
1.330000e-06	-3.759857e-04	-8.521694e+00
1.340000e-06	-4.646090e-04	-8.481534e+00
1.350000e-06	-4.457479e-04	-8.431023e+00
1.360000e-06	-3.319746e-04	-8.398527e+00
1.370000e-06	-3.009966e-04	-8.386350e+00
1.380000e-06	-4.716321e-04	-8.346768e+00
1.390000e-06	-4.962308e-04	-8.332691e+00
1.400000e-06	-4.911352e-04	-8.282613e+00
1.410000e-06	-4.392678e-04	-8.301610e+00
1.420000e-06	-5.661513e-04	-8.229030e+00
1.430000e-06	-5.724057e-04	-8.227397e+00
1.440000e-06	-1.279022e-04	-8.185920e+00
1.450000e-06	-2.473083e-04	-8.164745e+00
1.460000e-06	-3.560419e-04	-8.096215e+00
1.470000e-06	-2.520794e-04	-8.094087e+00
1.480000e-06	-3.301602e-04	-8.080556e+00
1.490000e-06	-5.699123e-04	-8.007472e+00
1.500000e-06	-6.041550e-04	-7.926946e+00
1.510000e-06	-4.470228e-04	-7.913715e+00
1.520000e-06	-5.221241e-04	-7.883608e+00
1.530000e-06	-1.792161e-04	-7.879612e+00
1.540000e-06	-1.637133e-04	-7.836901e+00
1.550000e-06	-2.210532e-04	-7.706271e+00
1.560000e-06	-3.704203e-04	-7.683091e+00
1.570000e-06	-4.069173e-04	-7.619479e+00
1.580000e-06	-5.506664e-04	-7.566925e+00
1.590000e-06	-5.375891e-04	-7.554692e+00
1.600000e-06	-4.409203e-04	-7.502738e+00
1.610000e-06	-1.042888e-04	-7.491109e+00
1.620000e-06	-1.225861e-04	-7.428979e+00
1.630000e-06	-1.326940e-04	-7.387371e+00
1.640000e-06	-2.580690e-04	-7.332742e+00
1.650000e-06	-4.400652e-04	-7.313611e+00
1.660000e-06	-7.032692e-04	-7.251981e+00
1.670000e-06	-6.527304e-04	-7.218473e+00
1.680000e-06	-4.282161e-04	-7.155345e+00
1.690000e-06	-3.412648e-04	-7.143183e+00
1.700000e-06	-1.209571e-04	-7.059609e+00
1.710000e-06	-1.337577e-04	-7.037354e+00
1.720000e-06	-2.704827e-04	-6.956118e+00
1.730000e-06	-3.674384e-04	-6.913136e+00
1.740000e-06	-5.158364e-04	-6.838054e+00
1.750000e-06	-5.842487e-04	-6.776425e+00
1.760000e-06	-3.908567e-04	-6.744817e+00
1.770000e-06	-4.067289e-04	-6.693141e+00
1.780000e-06	-2.966084e-04	-6.690004e+00
1.790000e-06	-3.040852e-04	-6.638975e+00
1.800000e-06	-4.368403e-04	-6.554743e+00
1.810000e-06	-4.379453e-04	-6.495087e+00
1.820000e-06	-4.244818e-04	-6.461481e+00
1.830000e-06	-3.966860e-04	-6.398900e+00
1.840000e-06	-3.348572e-04	-6.326641e+00
1.850000e-06	-3.711193e-04	-6.281536e+00
1.860000e-06	-2.505530e-04	-6.238528e+00
1.870000e-06	-1.537408e-04	-6.156295e+00
1.880000e-06	-3.578938e-04	-6.104132e+00
1.890000e-06	-2.967187e-04	-6.061024e+00
1.900000e-06	-4.160766e-04	-5.986949e+00
1.910000e-06	-4.790562e-04	-5.954666e+00
1.920000e-06	-2.494014e-04	-5.872662e+00
1.930000e-06	-2.307237e-04	-5.841028e+00
1.940000e-06	-3.993594e-04	-5.726391e+00
1.950000e-06	-2.762910e-04	-5.705166e+00
1.960000e-06	-2.564305e-04	-5.652061e+00
1.970000e-06	-2.593207e-04	-5.576948e+00
1.980000e-06	-3.801243e-04	-5.535191e+00
1.990000e-06	-2.201168e-04	-5.481660e+00
2.000000e-06	-1.686554e-04	-5.406371e+00
2.010000e-06	-1.428656e-04	-5.283607e+00
2.020000e-06	-1.586139e-04	-5.248502e+00
2.030000e-06	-3.998392e-04	-5.156269e+00
2.040000e-06	-3.941323e-04	-5.122658e+00
2.050000e-06	-4.411173e-04	-5.098578e+00
2.060000e-06	-3.416238e-04	-4.965310e+00
2.070000e-06	-2.126808e-04	-4.903159e+00
2.080000e-06	-2.000035e-04	-4.810845e+00
2.090000e-06	-2.477040e-04	-4.782261e+00
2.100000e-06	-2.688660e-04	-4.662531e+00
2.110000e-06	-3.799553e-04	-4.606450e+00
2.120000e-06	-1.496225e-04	-4.565840e+00
2.130000e-06	-1.933629e-04	-4.452236e+00
2.140000e-06	-4.680719e-04	-4.401055e+00
2.150000e-06	-8.977883e-05	-4.387425e+00
2.160000e-06	-2.057493e-04	-4.325791e+00
2.170000e-06	-5.200183e-04	-4.281209e+00
2.180000e-06	-2.996593e-04	-4.198798e+00
2.190000e-06	-3.539167e-04	-4.094817e+00
2.200000e-06	-4.547443e-04	-4.082084e+00
2.210000e-06	-1.816617e-04	-4.019975e+00
2.220000e-06	-1.428862e-05	-4.006920e+00
2.230000e-06	-1.138410e-04	-3.904666e+00
2.240000e-06	-2.160004e-04	-3.817920e+00
2.250000e-06	-1.365300e-04	-3.704212e+00
2.260000e-06	-6.103614e-04	-3.661025e+00
2.270000e-06	-7.356460e-04	-3.597471e+00
2.280000e-06	-4.338872e-04	-3.524713e+00
2.290000e-06	-2.736733e-04	-3.461999e+00
2.300000e-06	-5.035950e-05	-3.378321e+00
2.310000e-06	1.255565e-04	-3.323715e+00
2.320000e-06	5.725268e-05	-3.200100e+00
2.330000e-06	-1.698541e-04	-3.209496e+00
2.340000e-06	-3.322374e-04	-3.165361e+00
2.350000e-06	-6.198944e-04	-3.048975e+00
2.360000e-06	-7.551349e-04	-2.963689e+00
2.370000e-06	-3.985911e-04	-2.841003e+00
2.380000e-06	-3.285446e-04	-2.767949e+00
2.390000e-06	1.629214e-04	-2.705315e+00
2.400000e-06	3.683913e-04	-2.651051e+00
2.410000e-06	5.111378e-05	-2.538446e+00
2.420000e-06	-3.437762e-04	-2.543636e+00
2.430000e-06	-5.536776e-04	-2.430475e+00
2.440000e-06	-5.837224e-04	-2.400424e+00
2.450000e-06	-5.746201e-04	-2.325270e+00
2.460000e-06	-5.935337e-04	-2.261037e+00
2.470000e-06	-3.095258e-04	-2.095613e+00
2.480000e-06	2.065631e-04	-2.011053e+00
2.490000e-06	9.516303e-05	-1.989472e+00
2.500000e-06	-1.477877e-04	-1.946740e+00
2.510000e-06	-3.467833e-04	-1.832056e+00
2.520000e-06	-5.178342e-04	-1.767897e+00
2.530000e-06	-5.716862e-04	-1.714309e+00
2.540000e-06	-2.220163e-04	-1.641575e+00
2.550000e-06	-2.223675e-04	-1.567972e+00
2.560000e-06	-1.831271e-04	-1.566266e+00
2.570000e-06	1.340686e-04	-1.420770e+00
2.580000e-06	-4.857374e-05	-1.293684e+00
2.590000e-06	-3.165944e-04	-1.198946e+00
2.600000e-06	-5.937380e-04	-1.126785e+00
2.610000e-06	-7.294260e-04	-1.073080e+00
2.620000e-06	-3.188840e-04	-1.009475e+00
2.630000e-06	-7.876545e-05	-9.247857e-01
2.640000e-06	-8.883046e-05	-8.210015e-01
2.650000e-06	-1.128906e-04	-7.999749e-01
2.660000e-06	-6.305016e-07	-7.462659e-01
2.670000e-06	-2.564175e-04	-5.805212e-01
2.680000e-06	-4.675130e-04	-4.757579e-01
2.690000e-06	-6.795270e-04	-4.099976e-01
2.700000e-06	-4.103426e-04	-3.988922e-01
2.710000e-06	-5.093002e-05	-3.151818e-01
2.720000e-06	1.990137e-05	-2.506239e-01
2.730000e-06	-7.188485e-05	-1.703859e-01
2.740000e-06	-1.069179e-05	-1.027129e-01
2.750000e-06	-2.862877e-04	-1.157514e-02
2.760000e-06	-1.525112e-04	3.055257e-02
2.770000e-06	1.192905e-04	6.478715e-02
2.780000e-06	4.318721e-04	2.099576e-01
2.790000e-06	3.713363e-04	3.357396e-01
2.800000e-06	-4.580810e-05	3.694776e-01
2.810000e-06	4.813797e-04	4.205039e-01
2.820000e-06	5.278517e-04	5.027118e-01
2.830000e-06	5.599848e-04	5.568486e-01
2.840000e-06	3.711070e-03	6.221167e-01
2.850000e-06	9.447473e-03	7.794710e-01
2.860000e-06	2.413696e-03	8.516732e-01
2.870000e-06	-1.880904e-02	1.043132e+00
2.880000e-06	-1.821718e-02	1.123154e+00
2.890000e-06	6.141859e-03	1.123662e+00
2.900000e-06	3.313749e-02	1.176875e+00
2.910000e-06	-4.363329e-03	1.292238e+00
2.920000e-06	-3.597213e-02	1.346765e+00
2.930000e-06	1.776761e-02	1.417880e+00
2.940000e-06	3.544775e-02	1.557728e+00
2.950000e-06	-2.480135e-02	1.640102e+00
2.960000e-06	-2.840566e-02	1.693261e+00
2.970000e-06	3.567845e-02	1.776948e+00
2.980000e-06	1.696446e-02	1.853509e+00
2.990000e-06	-3.786400e-02	1.894163e+00
3.000000e-06	1.716870e-02	1.896320e+00
3.010000e-06	3.257490e-02	2.001527e+00
3.020000e-06	-2.890464e-02	2.133141e+00
3.030000e-06	-1.767412e-02	2.165350e+00
3.040000e-06	3.874235e-02	2.242610e+00
3.050000e-06	-1.258754e-02	2.354293e+00
3.060000e-06	-3.058201e-02	2.376346e+00
3.070000e-06	3.203019e-02	2.450983e+00
3.080000e-06	1.564732e-02	2.524800e+00
3.090000e-06	-3.833885e-02	2.636529e+00
3.100000e-06	1.371711e-02	2.643713e+00
3.110000e-06	2.895392e-02	2.798973e+00
3.120000e-06	-3.350358e-02	2.830554e+00
3.130000e-06	-5.335427e-03	2.874190e+00
3.140000e-06	3.429833e-02	2.987380e+00
3.150000e-06	-1.977154e-02	3.031107e+00
3.160000e-06	-1.148725e-02	3.106263e+00
3.170000e-06	3.107614e-02	3.179974e+00
3.180000e-06	-1.883451e-02	3.210058e+00
3.190000e-06	-1.391076e-02	3.313118e+00
3.200000e-06	2.429744e-02	3.419455e+00
3.210000e-06	-7.048363e-03	3.503216e+00
3.220000e-06	-1.505910e-02	3.568349e+00
3.230000e-06	1.828911e-02	3.638984e+00
3.240000e-06	-2.222068e-03	3.693666e+00
3.250000e-06	-8.103993e-03	3.736845e+00
3.260000e-06	9.776102e-03	3.824055e+00
3.270000e-06	-4.592448e-03	3.894163e+00
3.280000e-06	-9.596853e-03	3.948472e+00
3.290000e-06	1.049379e-02	3.978978e+00
3.300000e-06	1.346143e-03	4.102639e+00
3.310000e-06	-6.810409e-03	4.155834e+00
3.320000e-06	4.813722e-03	4.292090e+00
3.330000e-06	1.540649e-03	4.347271e+00
3.340000e-06	-4.736070e-03	4.408425e+00
3.350000e-06	1.089111e-03	4.491585e+00
3.360000e-06	6.385990e-04	4.534196e+00
3.370000e-06	-2.614837e-03	4.607949e+00
3.380000e-06	2.005910e-03	4.681611e+00
3.390000e-06	1.629185e-03	4.723242e+00
3.400000e-06	1.576953e-04	4.777874e+00
3.410000e-06	-5.174535e-04	4.830035e+00
3.420000e-06	-1.007633e-03	4.953720e+00
3.430000e-06	-1.137659e-03	4.997982e+00
3.440000e-06	1.220738e-03	5.115592e+00
3.450000e-06	-8.151100e-04	5.238399e+00
3.460000e-06	7.160667e-04	5.263662e+00
3.470000e-06	9.883455e-04	5.335815e+00
3.480000e-06	-4.359564e-04	5.368426e+00
3.490000e-06	-9.415154e-04	5.480008e+00
3.500000e-06	1.480765e-03	5.544190e+00
3.510000e-06	-1.278131e-03	5.505266e+00
3.520000e-06	-1.286257e-03	5.558925e+00
3.530000e-06	1.131013e-03	5.700580e+00
3.540000e-06	1.677676e-03	5.794797e+00
3.550000e-06	-7.349572e-04	5.778434e+00
3.560000e-06	-2.010702e-04	5.843638e+00
3.570000e-06	-1.003688e-04	5.966349e+00
3.580000e-06	-8.023916e-04	6.038903e+00
3.590000e-06	-9.590010e-05	6.082139e+00
3.600000e-06	7.349631e-04	6.135266e+00
3.610000e-06	-2.891188e-04	6.165322e+00
3.620000e-06	-5.202519e-04	6.231004e+00
3.630000e-06	1.139719e-03	6.270034e+00
3.640000e-06	3.380964e-04	6.314240e+00
3.650000e-06	-1.003754e-03	6.367269e+00
3.660000e-06	-8.191472e-04	6.429480e+00
3.670000e-06	4.369387e-04	6.522538e+00
3.680000e-06	1.939631e-04	6.565772e+00
3.690000e-06	7.968595e-04	6.587303e+00
3.700000e-06	1.562849e-04	6.681111e+00
3.710000e-06	-3.157819e-04	6.734192e+00
3.720000e-06	-7.037048e-04	6.755895e+00
3.730000e-06	5.538366e-04	6.839850e+00
3.740000e-06	-3.132648e-04	6.832613e+00
3.750000e-06	-5.507684e-04	6.923117e+00
3.760000e-06	-2.466938e-04	6.975221e+00
3.770000e-06	8.171198e-04	7.027925e+00
3.780000e-06	3.198591e-04	7.050009e+00
3.790000e-06	1.146544e-04	7.100686e+00
3.800000e-06	-5.192578e-04	7.134192e+00
3.810000e-06	-4.286011e-04	7.175396e+00
3.820000e-06	-6.219124e-05	7.187927e+00
3.830000e-06	3.264163e-04	7.261590e+00
3.840000e-06	2.277570e-04	7.355203e+00
3.850000e-06	-2.471246e-04	7.376328e+00
3.860000e-06	-2.828948e-04	7.448933e+00
3.870000e-06	1.559919e-04	7.533612e+00
3.880000e-06	1.809474e-04	7.565698e+00
3.890000e-06	-2.013766e-04	7.617430e+00
3.900000e-06	-3.811892e-04	7.671481e+00
3.910000e-06	-1.172619e-04	7.701161e+00
3.920000e-06	4.705995e-04	7.725716e+00
3.930000e-06	2.525968e-04	7.776773e+00
3.940000e-06	6.200739e-05	7.829831e+00
3.950000e-06	-4.987373e-04	7.862093e+00
3.960000e-06	-1.505090e-04	7.974217e+00
3.970000e-06	1.022891e-04	7.975796e+00
3.980000e-06	3.595739e-04	8.047824e+00
3.990000e-06	-2.165343e-04	8.049583e+00
4.000000e-06	-8.326228e-05	8.093715e+00
4.010000e-06	1.090824e-04	8.155671e+00
4.020000e-06	3.268622e-04	8.185720e+00
4.030000e-06	-4.293089e-05	8.217926e+00
4.040000e-06	3.085331e-05	8.270409e+00
4.050000e-06	-4.694858e-04	8.280462e+00
4.060000e-06	-8.206814e-05	8.301061e+00
4.070000e-06	3.964416e-04	8.304614e+00
4.080000e-06	3.083121e-04	8.333720e+00
4.090000e-06	-3.483234e-04	8.365795e+00
4.100000e-06	-1.055204e-04	8.425904e+00
4.110000e-06	2.830634e-04	8.440006e+00
4.120000e-06	2.399099e-04	8.422081e+00
4.130000e-06	-4.609938e-05	8.482087e+00
4.140000e-06	-8.118061e-05	8.512191e+00
4.150000e-06	3.503293e-05	8.514770e+00
4.160000e-06	3.090060e-05	8.514820e+00
4.170000e-06	3.253896e-04	8.576798e+00
4.180000e-06	-5.343810e-05	8.607898e+00
4.190000e-06	-3.484955e-04	8.619484e+00
4.200000e-06	1.002982e-05	8.640008e+00
4.210000e-06	2.503626e-04	8.630986e+00
4.220000e-06	1.691731e-04	8.711536e+00
4.230000e-06	7.448150e-05	8.703164e+00
4.240000e-06	-1.613735e-04	8.723692e+00
4.250000e-06	-7.887034e-05	8.714790e+00
4.260000e-06	1.714344e-04	8.784274e+00
4.270000e-06	2.319714e-04	8.826897e+00
4.280000e-06	-2.753617e-04	8.799874e+00
4.290000e-06	-4.281767e-05	8.828953e+00
4.300000e-06	-2.035172e-04	8.870034e+00
4.310000e-06	2.843141e-04	8.869184e+00
4.320000e-06	-9.690344e-05	8.890512e+00
4.330000e-06	-2.086492e-04	8.904073e+00
4.340000e-06	-2.498757e-04	8.942640e+00
4.350000e-06	2.227590e-04	8.983599e+00
4.360000e-06	-7.079015e-05	8.965776e+00
4.370000e-06	-6.179702e-05	8.987750e+00
4.380000e-06	-8.675625e-05	9.026301e+00
4.390000e-06	-2.202404e-04	9.017305e+00
4.400000e-06	1.030735e-04	9.007359e+00
4.410000e-06	1.660591e-04	9.029380e+00
4.420000e-06	-3.508243e-05	9.027934e+00
4.430000e-06	-2.884294e-04	9.058931e+00
4.440000e-06	-1.221267e-04	9.069009e+00
4.450000e-06	-3.911385e-05	9.072032e+00
4.460000e-06	2.054808e-04	9.051038e+00
4.470000e-06	-9.804047e-06	9.061008e+00
4.480000e-06	-4.000760e-05	9.060036e+00
4.490000e-06	-1.905417e-04	9.050011e+00
4.500000e-06	1.829808e-05	9.101584e+00
4.510000e-06	2.249079e-05	9.110712e+00
4.520000e-06	-1.895249e-04	9.091090e+00
4.530000e-06	-2.673134e-04	9.152116e+00
4.540000e-06	1.108871e-04	9.163191e+00
4.550000e-06	1.279770e-04	9.153665e+00
4.560000e-06	1.369751e-04	9.162140e+00
4.570000e-06	3.812810e-05	9.173167e+00
4.580000e-06	-2.924251e-04	9.123161e+00
4.590000e-06	-2.123183e-04	9.122640e+00
4.600000e-06	1.211260e-04	9.133213e+00
4.610000e-06	2.426033e-05	9.113088e+00
4.620000e-06	-7.025222e-05	9.172215e+00
4.630000e-06	5.448239e-05	9.103162e+00
4.640000e-06	1.548132e-04	9.110640e+00
4.650000e-06	-1.878127e-05	9.131115e+00
4.660000e-06	3.414773e-05	9.121117e+00
4.670000e-06	-1.913828e-04	9.111692e+00
4.680000e-06	-3.680864e-04	9.120110e+00
4.690000e-06	-8.352802e-05	9.112034e+00
4.700000e-06	9.614668e-05	9.090507e+00
4.710000e-06	1.722733e-05	9.091509e+00
4.720000e-06	3.286541e-05	9.059909e+00
4.730000e-06	7.834878e-05	9.048957e+00
4.740000e-06	3.996662e-05	9.048932e+00
4.750000e-06	2.043767e-04	8.997878e+00
4.760000e-06	-3.642315e-06	9.037278e+00
4.770000e-06	-2.190739e-04	9.037805e+00
4.780000e-06	-2.601965e-04	8.987326e+00
4.790000e-06	-1.696000e-04	8.976279e+00
4.800000e-06	-1.769088e-04	8.995799e+00
4.810000e-06	-1.375603e-04	8.984695e+00
4.820000e-06	-3.009904e-04	8.975144e+00
4.830000e-06	-3.412589e-04	8.942667e+00
4.840000e-06	-1.357975e-04	8.960140e+00
4.850000e-06	-1.948067e-04	8.871607e+00
4.860000e-06	-2.367035e-04	8.841002e+00
4.870000e-06	-2.945037e-04	8.837952e+00
4.880000e-06	-2.140878e-04	8.857349e+00
4.890000e-06	7.042030e-05	8.817345e+00
4.900000e-06	9.079083e-06	8.756319e+00
4.910000e-06	-1.470489e-04	8.766241e+00
4.920000e-06	-1.928417e-04	8.733717e+00
4.930000e-06	-1.944678e-04	8.724640e+00
4.940000e-06	-2.321428e-04	8.722715e+00
4.950000e-06	2.786998e-05	8.672061e+00
4.960000e-06	-1.951157e-04	8.669556e+00
4.970000e-06	-1.716653e-04	8.660053e+00
4.980000e-06	4.056768e-05	8.657427e+00
4.990000e-06	3.203298e-05	8.615798e+00
5.000000e-06	-1.066761e-04	8.564770e+00
5.010000e-06	-2.375710e-04	8.554715e+00
5.020000e-06	-1.923500e-04	8.564691e+00
5.030000e-06	-1.696702e-04	8.552614e+00
5.040000e-06	-4.328743e-05	8.472010e+00
5.050000e-06	-1.496326e-04	8.441051e+00
5.060000e-06	-1.777395e-04	8.448947e+00
5.070000e-06	-2.008050e-04	8.417399e+00
5.080000e-06	-8.960715e-05	8.405794e+00
5.090000e-06	-6.511514e-05	8.353265e+00
5.100000e-06	-2.261928e-04	8.292565e+00
5.110000e-06	-2.233671e-04	8.282581e+00
5.120000e-06	-1.875913e-04	8.249432e+00
5.130000e-06	-2.688529e-05	8.237374e+00
5.140000e-06	-1.424803e-04	8.248697e+00
5.150000e-06	-1.401540e-04	8.144292e+00
5.160000e-06	-2.680762e-04	8.140057e+00
5.170000e-06	-1.871491e-04	8.021058e+00
5.180000e-06	-6.211722e-05	8.038423e+00
5.190000e-06	-1.321407e-04	7.998274e+00
5.200000e-06	-1.166044e-04	7.995292e+00
5.210000e-06	-8.385424e-05	7.953112e+00
5.220000e-06	-2.896772e-04	7.900577e+00
5.230000e-06	-2.189141e-04	7.858527e+00
5.240000e-06	-1.438096e-04	7.775791e+00
5.250000e-06	-1.881494e-04	7.733740e+00
5.260000e-06	-2.959703e-04	7.751137e+00
5.270000e-06	-1.898845e-04	7.701504e+00
5.280000e-06	-4.101212e-05	7.626373e+00
5.290000e-06	-4.449706e-05	7.612266e+00
5.300000e-06	-1.494946e-04	7.532567e+00
5.310000e-06	-2.071830e-04	7.469852e+00
5.320000e-06	-1.463061e-05	7.416326e+00
5.330000e-06	-2.530930e-04	7.344713e+00
5.340000e-06	-1.885610e-04	7.312557e+00
5.350000e-06	-2.264794e-04	7.269006e+00
5.360000e-06	-4.585849e-04	7.245445e+00
5.370000e-06	-1.330200e-04	7.153742e+00
5.380000e-06	1.227778e-05	7.122639e+00
5.390000e-06	-1.490673e-04	7.070082e+00
5.400000e-06	-2.808905e-04	7.019374e+00
5.410000e-06	-2.106957e-04	6.975216e+00
5.420000e-06	-2.640163e-04	6.913658e+00
5.430000e-06	-1.786959e-05	6.880582e+00
5.440000e-06	5.349290e-05	6.839374e+00
5.450000e-06	-3.069597e-04	6.807895e+00
5.460000e-06	-3.950149e-04	6.743716e+00
5.470000e-06	-1.566224e-04	6.681082e+00
5.480000e-06	-1.469647e-04	6.617930e+00
5.490000e-06	-2.557155e-04	6.586768e+00
5.500000e-06	-2.354692e-04	6.511586e+00
5.510000e-06	-3.977597e-04	6.427499e+00
5.520000e-06	-1.790838e-04	6.385867e+00
5.530000e-06	-1.566745e-04	6.343635e+00
5.540000e-06	-1.655598e-04	6.292011e+00
5.550000e-06	-3.990097e-04	6.219475e+00
5.560000e-06	-2.563279e-04	6.197345e+00
5.570000e-06	-1.659404e-04	6.134715e+00
5.580000e-06	-7.236586e-05	6.103131e+00
5.590000e-06	-2.166240e-04	6.029977e+00
5.600000e-06	-4.925668e-04	6.007843e+00
5.610000e-06	-5.585814e-04	5.922240e+00
5.620000e-06	-2.797116e-04	5.889957e+00
5.630000e-06	2.833264e-05	5.776814e+00
5.640000e-06	-1.533356e-04	5.733113e+00
5.650000e-06	-5.139310e-04	5.628998e+00
5.660000e-06	-3.616230e-04	5.565944e+00
5.670000e-06	-2.180922e-04	5.544765e+00
5.680000e-06	-2.335306e-04	5.501056e+00
5.690000e-06	-3.836210e-04	5.400000e+00
5.700000e-06	-5.389625e-04	5.376792e+00
5.710000e-06	-3.369365e-04	5.303681e+00
5.720000e-06	-1.142798e-04	5.228974e+00
5.730000e-06	-1.706216e-04	5.143216e+00
5.740000e-06	-3.985817e-04	5.100983e+00
5.750000e-06	-4.766831e-04	4.996362e+00
5.760000e-06	-3.243347e-04	4.931152e+00
5.770000e-06	-2.944215e-04	4.849952e+00
5.780000e-06	-2.327183e-04	4.766345e+00
5.790000e-06	-4.347082e-04	4.713109e+00
5.800000e-06	-5.795847e-04	4.650019e+00
5.810000e-06	-3.357990e-04	4.606841e+00
5.820000e-06	-8.808161e-05	4.523678e+00
5.830000e-06	-3.341306e-04	4.482053e+00
5.840000e-06	-4.111958e-04	4.417898e+00
5.850000e-06	-4.838297e-04	4.366273e+00
5.860000e-06	-4.236299e-04	4.272631e+00
5.870000e-06	-3.588396e-04	4.156744e+00
5.880000e-06	-3.380252e-04	4.124103e+00
5.890000e-06	-4.543958e-04	4.029449e+00
5.900000e-06	-4.804524e-04	3.976842e+00
5.910000e-06	-4.070510e-04	3.963731e+00
5.920000e-06	-2.386379e-04	3.850053e+00
5.930000e-06	-2.750302e-04	3.797792e+00
5.940000e-06	-5.187912e-04	3.734132e+00
5.950000e-06	-5.269940e-04	3.629549e+00
5.960000e-06	-3.833911e-04	3.588395e+00
5.970000e-06	-2.591910e-04	3.565785e+00
5.980000e-06	-3.742377e-04	3.458522e+00
5.990000e-06	-5.243471e-04	3.364709e+00
6.000000e-06	-6.099087e-04	3.282002e+00
6.010000e-06	-4.046984e-04	3.208971e+00
6.020000e-06	-3.768854e-04	3.165335e+00
6.030000e-06	-6.002937e-04	3.093132e+00
6.040000e-06	-5.655122e-04	3.028922e+00
6.050000e-06	-4.865178e-04	2.925782e+00
6.060000e-06	-4.483045e-04	2.882606e+00
6.070000e-06	-3.651538e-04	2.819573e+00
6.080000e-06	-2.999490e-04	2.777842e+00
6.090000e-06	-4.639622e-04	2.693479e+00
6.100000e-06	-5.465076e-04	2.616816e+00
6.110000e-06	-3.850141e-04	2.482634e+00
6.120000e-06	-4.656987e-04	2.409475e+00
6.130000e-06	-4.964959e-04	2.377311e+00
6.140000e-06	-5.192316e-04	2.282125e+00
6.150000e-06	-4.275824e-04	2.198971e+00
6.160000e-06	-4.457550e-04	2.124756e+00
6.170000e-06	-5.237597e-04	2.032128e+00
6.180000e-06	-4.963164e-04	2.009947e+00
6.190000e-06	-5.872647e-04	1.946310e+00
6.200000e-06	-5.961218e-04	1.873583e+00
6.210000e-06	-4.495669e-04	1.807945e+00
6.220000e-06	-4.702884e-04	1.743585e+00
6.230000e-06	-4.859659e-04	1.641174e+00
6.240000e-06	-4.761680e-04	1.558257e+00
6.250000e-06	-6.689528e-04	1.472128e+00
6.260000e-06	-5.641771e-04	1.388442e+00
6.270000e-06	-3.983396e-04	1.333733e+00
6.280000e-06	-6.075426e-04	1.219999e+00
6.290000e-06	-6.154005e-04	1.165265e+00
6.300000e-06	-6.080715e-04	1.051128e+00
6.310000e-06	-5.200507e-04	9.653847e-01
6.320000e-06	-6.224593e-04	8.620575e-01
6.330000e-06	-6.195420e-04	8.084188e-01
6.340000e-06	-6.733202e-04	7.466821e-01
6.350000e-06	-5.594591e-04	6.620003e-01
6.360000e-06	-7.194354e-04	5.983910e-01
6.370000e-06	-5.638688e-04	4.941805e-01
6.380000e-06	-4.295498e-04	4.111263e-01
6.390000e-06	-6.581150e-04	3.889211e-01
6.400000e-06	-6.061947e-04	3.742321e-01
6.410000e-06	-4.724570e-04	2.320123e-01
6.420000e-06	-4.956131e-04	1.366855e-01
6.430000e-06	-5.796898e-04	5.252508e-02
6.440000e-06	-8.884005e-04	-1.210607e-02
6.450000e-06	-2.682678e-04	-1.057917e-01
6.460000e-06	-3.052913e-05	-1.479285e-01
6.470000e-06	2.759560e-04	-2.326114e-01
6.480000e-06	-3.760243e-06	-2.652683e-01
6.490000e-06	-8.291894e-04	-3.789234e-01
6.500000e-06	-5.479199e-04	-4.011013e-01
6.510000e-06	2.177510e-04	-4.531180e-01
6.520000e-06	2.461078e-03	-5.579022e-01
6.530000e-06	9.884540e-03	-6.426190e-01
6.540000e-06	1.164273e-02	-8.115589e-01
6.550000e-06	-2.117614e-02	-9.379521e-01
6.560000e-06	-2.988931e-02	-1.032533e+00
6.570000e-06	1.055860e-03	-1.070552e+00
6.580000e-06	3.834047e-02	-1.042110e+00
6.590000e-06	4.726135e-03	-1.086853e+00
6.600000e-06	-3.707954e-02	-1.283708e+00
6.610000e-06	7.405751e-03	-1.273237e+00
6.620000e-06	3.835068e-02	-1.346477e+00
6.630000e-06	-1.379573e-02	-1.454698e+00
6.640000e-06	-3.428618e-02	-1.600073e+00
6.650000e-06	2.965098e-02	-1.631635e+00
6.660000e-06	2.927251e-02	-1.674770e+00
6.670000e-06	-3.403698e-02	-1.801003e+00
6.680000e-06	-1.089451e-02	-1.863736e+00
6.690000e-06	3.919921e-02	-1.873792e+00
6.700000e-06	-9.018117e-03	-2.000483e+00
6.710000e-06	-3.350135e-02	-2.032714e+00
6.720000e-06	2.895570e-02	-2.104323e+00
6.730000e-06	2.439435e-02	-2.194160e+00
6.740000e-06	-3.912562e-02	-2.358873e+00
6.750000e-06	9.702427e-03	-2.380583e+00
6.760000e-06	3.497020e-02	-2.461692e+00
6.770000e-06	-2.517894e-02	-2.547921e+00
6.780000e-06	-2.023994e-02	-2.611008e+00
6.790000e-06	3.905654e-02	-2.694266e+00
6.800000e-06	-1.207585e-02	-2.778325e+00
6.810000e-06	-2.937914e-02	-2.800081e+00
6.820000e-06	3.289213e-02	-2.853222e+00
6.830000e-06	6.377791e-03	-2.987954e+00
6.840000e-06	-3.217806e-02	-3.033692e+00
6.850000e-06	2.669281e-02	-3.146851e+00
6.860000e-06	6.189240e-03	-3.231689e+00
6.870000e-06	-3.231432e-02	-3.304218e+00
6.880000e-06	2.217202e-02	-3.338404e+00
6.890000e-06	5.846553e-03	-3.430087e+00
6.900000e-06	-2.558735e-02	-3.473267e+00
6.910000e-06	2.019293e-02	-3.537823e+00
6.920000e-06	4.447597e-03	-3.580027e+00
6.930000e-06	-2.020724e-02	-3.673142e+00
6.940000e-06	1.669896e-02	-3.724883e+00
6.950000e-06	-1.543120e-03	-3.841166e+00
6.960000e-06	-1.886206e-02	-3.936797e+00
6.970000e-06	1.291449e-02	-3.991059e+00
6.980000e-06	4.089864e-03	-4.062689e+00
6.990000e-06	-1.231907e-02	-4.126873e+00
7.000000e-06	8.768565e-03	-4.190557e+00
7.010000e-06	1.210985e-03	-4.254166e+00
7.020000e-06	-9.023412e-03	-4.336746e+00
7.030000e-06	2.022648e-03	-4.388506e+00
7.040000e-06	1.840658e-03	-4.419588e+00
7.050000e-06	-5.054159e-03	-4.480693e+00
7.060000e-06	1.464121e-03	-4.544874e+00
7.070000e-06	2.229256e-03	-4.580558e+00
7.080000e-06	-1.743733e-05	-4.684241e+00
7.090000e-06	-1.131877e-03	-4.756824e+00
7.100000e-06	-1.890692e-03	-4.842159e+00
7.110000e-06	-2.244121e-03	-4.864197e+00
7.120000e-06	5.891518e-04	-4.969324e+00
7.130000e-06	-5.919675e-04	-5.051142e+00
7.140000e-06	-6.071745e-04	-5.114746e+00
7.150000e-06	1.545582e-03	-5.159004e+00
7.160000e-06	-1.135079e-03	-5.271063e+00
7.170000e-06	-2.632435e-03	-5.255750e+00
7.180000e-06	1.138270e-03	-5.400559e+00
7.190000e-06	-3.732863e-05	-5.472169e+00
7.200000e-06	-3.706506e-03	-5.576850e+00
7.210000e-06	3.964462e-04	-5.560585e+00
7.220000e-06	2.278409e-03	-5.661115e+00
7.230000e-06	-5.610221e-04	-5.734297e+00
7.240000e-06	-1.817901e-03	-5.776005e+00
7.250000e-06	5.013371e-05	-5.842062e+00
7.260000e-06	-1.656298e-03	-5.914743e+00
7.270000e-06	-1.429860e-03	-5.947326e+00
7.280000e-06	3.632670e-04	-5.957929e+00
7.290000e-06	5.169264e-04	-6.042537e+00
7.300000e-06	-1.690939e-03	-6.123781e+00
7.310000e-06	-2.629137e-06	-6.198879e+00
7.320000e-06	1.908054e-04	-6.292612e+00
7.330000e-06	-1.043765e-03	-6.263744e+00
7.340000e-06	-1.330588e-03	-6.346875e+00
7.350000e-06	-3.581697e-04	-6.410508e+00
7.360000e-06	-6.273490e-04	-6.483668e+00
7.370000e-06	2.275809e-05	-6.536746e+00
7.380000e-06	3.610058e-04	-6.608455e+00
7.390000e-06	-5.794892e-04	-6.631111e+00
7.400000e-06	-1.615810e-03	-6.662665e+00
7.410000e-06	-7.504623e-04	-6.736295e+00
7.420000e-06	-1.678295e-04	-6.747926e+00
7.430000e-06	-8.027200e-04	-6.809062e+00
7.440000e-06	-7.516131e-04	-6.862596e+00
7.450000e-06	-2.826637e-04	-6.892250e+00
7.460000e-06	7.164803e-05	-6.967381e+00
7.470000e-06	-6.307182e-04	-7.049509e+00
7.480000e-06	-5.151473e-04	-7.112742e+00
7.490000e-06	-8.338191e-04	-7.145797e+00
7.500000e-06	-8.883220e-04	-7.217907e+00
7.510000e-06	-8.485950e-04	-7.220112e+00
7.520000e-06	6.290809e-05	-7.303665e+00
7.530000e-06	-2.432952e-04	-7.334269e+00
7.540000e-06	-7.837664e-04	-7.356876e+00
7.550000e-06	-1.012874e-03	-7.419139e+00
7.560000e-06	-2.907258e-04	-7.480612e+00
7.570000e-06	-5.152026e-04	-7.482691e+00
7.580000e-06	-6.770207e-04	-7.524722e+00
7.590000e-06	-7.698648e-04	-7.557925e+00
7.600000e-06	-2.903112e-04	-7.671514e+00
7.610000e-06	-4.128639e-04	-7.629640e+00
7.620000e-06	-5.622052e-04	-7.726173e+00
7.630000e-06	-6.844456e-04	-7.826808e+00
7.640000e-06	-7.353188e-04	-7.850488e+00
7.650000e-06	-8.802948e-04	-7.892162e+00
7.660000e-06	-5.378293e-04	-7.894221e+00
7.670000e-06	-2.588986e-04	-7.965399e+00
7.680000e-06	-6.191819e-04	-8.007032e+00
7.690000e-06	-6.153304e-04	-8.060539e+00
7.700000e-06	-5.848345e-04	-8.072617e+00
7.710000e-06	-5.779577e-04	-8.123717e+00
7.720000e-06	-8.244495e-04	-8.135772e+00
7.730000e-06	-7.207661e-04	-8.176876e+00
7.740000e-06	-6.686122e-04	-8.178955e+00
7.750000e-06	-1.346048e-04	-8.239536e+00
7.760000e-06	-2.212440e-04	-8.261558e+00
7.770000e-06	-4.591759e-04	-8.272665e+00
7.780000e-06	-7.871511e-04	-8.295770e+00
7.790000e-06	-7.539163e-04	-8.345420e+00
7.800000e-06	-1.051101e-03	-8.346369e+00
7.810000e-06	-7.200125e-04	-8.395438e+00
7.820000e-06	-4.995599e-04	-8.419034e+00
7.830000e-06	-4.778130e-04	-8.439615e+00
7.840000e-06	-2.689126e-04	-8.481170e+00
7.850000e-06	-2.010467e-04	-8.504721e+00
7.860000e-06	-7.386819e-04	-8.554777e+00
7.870000e-06	-7.854315e-04	-8.596828e+00
7.880000e-06	-7.180966e-04	-8.597879e+00
7.890000e-06	-8.311867e-04	-8.639358e+00
7.900000e-06	-5.422747e-04	-8.640035e+00
7.910000e-06	-1.779895e-04	-8.670516e+00
7.920000e-06	-3.728823e-04	-8.691769e+00
7.930000e-06	-4.316779e-04	-8.696342e+00
7.940000e-06	-5.269109e-04	-8.757725e+00
7.950000e-06	-8.507945e-04	-8.796901e+00
7.960000e-06	-8.503896e-04	-8.779031e+00
7.970000e-06	-9.151601e-04	-8.861029e+00
7.980000e-06	-6.341367e-04	-8.852084e+00
7.990000e-06	-3.609250e-04	-8.871087e+00
8.000000e-06	-1.843434e-04	-8.892115e+00
8.010000e-06	-3.133243e-04	-8.882115e+00
8.020000e-06	-3.779058e-04	-8.895638e+00
8.030000e-06	-7.340991e-04	-8.876267e+00
8.040000e-06	-9.144200e-04	-8.963746e+00
8.050000e-06	-5.847508e-04	-8.925353e+00
8.060000e-06	-5.730705e-04	-8.965775e+00
8.070000e-06	-5.747743e-04	-8.955900e+00
8.080000e-06	-3.628310e-04	-9.015906e+00
8.090000e-06	-4.348150e-04	-8.977934e+00
8.100000e-06	-4.816322e-04	-9.038958e+00
8.110000e-06	-4.473259e-04	-9.019009e+00
8.120000e-06	-7.330451e-04	-9.040980e+00
8.130000e-06	-8.343657e-04	-9.050460e+00
8.140000e-06	-4.486173e-04	-8.999509e+00
8.150000e-06	-5.004028e-04	-9.039985e+00
8.160000e-06	-5.254878e-04	-9.019488e+00
8.170000e-06	-5.439877e-04	-9.072012e+00
8.180000e-06	-5.210747e-04	-9.071034e+00
8.190000e-06	-4.347669e-04	-9.092187e+00
8.200000e-06	-3.943545e-04	-9.071587e+00
8.210000e-06	-5.089464e-04	-9.081713e+00
8.220000e-06	-7.162820e-04	-9.112717e+00
8.230000e-06	-7.085317e-04	-9.072714e+00
8.240000e-06	-4.650156e-04	-9.093591e+00
8.250000e-06	-4.180857e-04	-9.082741e+00
8.260000e-06	-5.790780e-04	-9.092587e+00
8.270000e-06	-5.272652e-04	-9.121613e+00
8.280000e-06	-5.319683e-04	-9.071161e+00
8.290000e-06	-4.294559e-04	-9.110687e+00
8.300000e-06	-3.781706e-04	-9.083712e+00
8.310000e-06	-5.035365e-04	-9.072638e+00
8.320000e-06	-6.161318e-04	-9.102637e+00
8.330000e-06	-5.485766e-04	-9.082117e+00
8.340000e-06	-5.339544e-04	-9.081661e+00
8.350000e-06	-3.773619e-04	-9.111688e+00
8.360000e-06	-4.077182e-04	-9.100663e+00
8.370000e-06	-5.534799e-04	-9.041489e+00
8.380000e-06	-6.630256e-04	-9.102087e+00
8.390000e-06	-5.117076e-04	-9.081138e+00
8.400000e-06	-4.356322e-04	-9.040536e+00
8.410000e-06	-5.567339e-04	-9.030458e+00
8.420000e-06	-6.568694e-04	-9.000508e+00
8.430000e-06	-4.677411e-04	-9.010427e+00
8.440000e-06	-2.880013e-04	-9.039409e+00
8.450000e-06	-3.450962e-04	-8.977876e+00
8.460000e-06	-4.219420e-04	-8.988450e+00
8.470000e-06	-5.525065e-04	-8.956825e+00
8.480000e-06	-4.814406e-04	-8.987326e+00
8.490000e-06	-4.679148e-04	-8.936277e+00
8.500000e-06	-2.502873e-04	-8.934770e+00
8.510000e-06	-4.389626e-04	-8.945267e+00
8.520000e-06	-1.607031e-04	-8.934690e+00
8.530000e-06	2.113402e-04	-8.924163e+00
8.540000e-06	-1.195697e-04	-8.924137e+00
8.550000e-06	-2.969559e-04	-8.852131e+00
8.560000e-06	-2.372789e-04	-8.869534e+00
8.570000e-06	-3.701956e-04	-8.863505e+00
8.580000e-06	-4.750318e-04	-8.837881e+00
8.590000e-06	-3.532018e-04	-8.797925e+00
8.600000e-06	-3.717646e-04	-8.756920e+00
8.610000e-06	-4.455089e-04	-8.744923e+00
8.620000e-06	-1.834383e-04	-8.734695e+00
8.630000e-06	-1.462054e-04	-8.734217e+00
8.640000e-06	-4.173341e-04	-8.691012e+00
8.650000e-06	-3.441457e-04	-8.689985e+00
8.660000e-06	-3.163694e-04	-8.608958e+00
8.670000e-06	-5.783620e-04	-8.568851e+00
8.680000e-06	-6.221154e-04	-8.546252e+00
8.690000e-06	-2.709490e-04	-8.585675e+00
8.700000e-06	-1.616383e-04	-8.544695e+00
8.710000e-06	-4.001434e-04	-8.524640e+00
8.720000e-06	-1.473372e-04	-8.472108e+00
8.730000e-06	2.531577e-04	-8.419932e+00
8.740000e-06	-4.643051e-04	-8.376948e+00
8.750000e-06	-7.055062e-04	-8.386874e+00
8.760000e-06	-4.815205e-04	-8.336345e+00
8.770000e-06	-7.247820e-04	-8.363766e+00
8.780000e-06	-5.845373e-04	-8.292590e+00
8.790000e-06	-1.576023e-04	-8.261059e+00
8.800000e-06	-1.162109e-04	-8.260528e+00
8.810000e-06	-1.295478e-04	-8.179351e+00
8.820000e-06	-4.719219e-05	-8.176846e+00
8.830000e-06	-3.621689e-04	-8.135242e+00
8.840000e-06	-5.397456e-04	-8.082240e+00
8.850000e-06	-5.744882e-04	-8.072742e+00
8.860000e-06	-5.423849e-04	-8.052037e+00
8.870000e-06	-4.346742e-04	-8.009425e+00
8.880000e-06	-4.344976e-04	-7.936919e+00
8.890000e-06	-1.951375e-04	-7.914145e+00
8.900000e-06	-1.995631e-04	-7.910113e+00
8.910000e-06	-3.102709e-04	-7.848559e+00
8.920000e-06	-4.575179e-04	-7.798282e+00
8.930000e-06	-5.696249e-04	-7.746819e+00
8.940000e-06	-6.185740e-04	-7.672615e+00
8.950000e-06	-6.516072e-04	-7.600003e+00
8.960000e-06	-2.950752e-04	-7.566320e+00
8.970000e-06	-2.462405e-05	-7.575291e+00
8.980000e-06	-4.926158e-04	-7.523713e+00
8.990000e-06	-7.762251e-05	-7.450558e+00
9.000000e-06	-2.332627e-04	-7.427975e+00
9.010000e-06	-4.125537e-04	-7.346895e+00
9.020000e-06	-3.423908e-04	-7.345193e+00
9.030000e-06	-2.778444e-04	-7.274636e+00
9.040000e-06	-3.004516e-04	-7.261586e+00
9.050000e-06	-7.372287e-04	-7.218525e+00
9.060000e-06	-4.904018e-04	-7.155920e+00
9.070000e-06	-6.539200e-04	-7.092212e+00
9.080000e-06	-4.965540e-04	-7.081033e+00
9.090000e-06	-3.109112e-04	-7.008378e+00
9.100000e-06	6.805310e-05	-6.975268e+00
9.110000e-06	-3.794243e-05	-6.883609e+00
9.120000e-06	1.600696e-04	-6.879453e+00
9.130000e-06	-3.792516e-04	-6.797370e+00
9.140000e-06	-7.700592e-04	-6.735267e+00
9.150000e-06	-9.918512e-04	-6.693738e+00
9.160000e-06	-6.004615e-04	-6.642030e+00
9.170000e-06	-4.784952e-04	-6.616898e+00
9.180000e-06	-3.121461e-04	-6.565290e+00
9.190000e-06	1.393969e-04	-6.501639e+00
9.200000e-06	2.985950e-04	-6.481032e+00
9.210000e-06	-2.339951e-04	-6.388424e+00
9.220000e-06	-5.778295e-04	-6.344894e+00
9.230000e-06	-7.430129e-04	-6.292188e+00
9.240000e-06	-7.679122e-04	-6.201379e+00
9.250000e-06	-5.850245e-04	-6.204216e+00
9.260000e-06	-1.004358e-04	-6.084087e+00
9.270000e-06	2.567639e-04	-6.009604e+00
9.280000e-06	1.940074e-04	-5.987896e+00
9.290000e-06	-7.810971e-05	-5.944845e+00
9.300000e-06	-5.349429e-04	-5.892138e+00
9.310000e-06	-7.510608e-04	-5.839455e+00
9.320000e-06	-8.839474e-04	-5.774841e+00
9.330000e-06	-6.259841e-04	-5.684691e+00
9.340000e-06	-3.828000e-04	-5.651059e+00
9.350000e-06	-3.289304e-05	-5.592044e+00
9.360000e-06	2.481790e-04	-5.574118e+00
9.370000e-06	1.465143e-04	-5.442733e+00
9.380000e-06	-3.523042e-04	-5.406845e+00
9.390000e-06	-5.294629e-04	-5.324637e+00
9.400000e-06	-6.193038e-04	-5.259523e+00
9.410000e-06	-7.250838e-04	-5.185895e+00
9.420000e-06	-4.507922e-04	-5.113739e+00
9.430000e-06	-1.567431e-04	-5.012002e+00
9.440000e-06	7.420461e-05	-4.925920e+00
9.450000e-06	-5.989914e-05	-4.891504e+00
9.460000e-06	-3.106804e-04	-4.838872e+00
9.470000e-06	-3.117466e-04	-4.684139e+00
9.480000e-06	-3.915653e-04	-4.649979e+00
9.490000e-06	-6.195868e-04	-4.597474e+00
9.500000e-06	-2.948469e-04	-4.526691e+00
9.510000e-06	-1.665321e-04	-4.502632e+00
9.520000e-06	-3.488690e-04	-4.419499e+00
9.530000e-06	-3.484592e-04	-4.398924e+00
9.540000e-06	-3.644496e-05	-4.324765e+00
9.550000e-06	-3.819264e-04	-4.243529e+00
9.560000e-06	-5.781416e-05	-4.157522e+00
9.570000e-06	-5.045287e-04	-4.166265e+00
9.580000e-06	-6.295369e-04	-4.052106e+00
9.590000e-06	-3.665947e-04	-4.011003e+00
9.600000e-06	-3.348796e-04	-3.965939e+00
9.610000e-06	3.597923e-05	-3.872187e+00
9.620000e-06	-2.547180e-04	-3.787969e+00
9.630000e-06	-5.639535e-05	-3.674657e+00
9.640000e-06	-2.849908e-04	-3.631500e+00
9.650000e-06	-2.977861e-04	-3.579394e+00
9.660000e-06	-7.315171e-04	-3.503711e+00
9.670000e-06	-1.087346e-03	-3.450105e+00
9.680000e-06	-3.122452e-04	-3.366320e+00
9.690000e-06	-3.881119e-05	-3.312058e+00
9.700000e-06	2.032719e-04	-3.232978e+00
9.710000e-06	1.882425e-04	-3.188372e+00
9.720000e-06	-7.199976e-05	-3.136192e+00
9.730000e-06	-6.728253e-04	-3.020070e+00
9.740000e-06	-8.949886e-04	-2.954781e+00
9.750000e-06	-6.959692e-04	-2.850050e+00
9.760000e-06	-7.113706e-04	-2.798924e+00
9.770000e-06	-5.454845e-04	-2.726316e+00
9.780000e-06	2.212695e-04	-2.622577e+00
9.790000e-06	4.862782e-04	-2.568462e+00
9.800000e-06	5.283181e-04	-2.454707e+00
9.810000e-06	-5.251522e-04	-2.432102e+00
9.820000e-06	-9.152315e-04	-2.398449e+00
9.830000e-06	-9.595172e-04	-2.295336e+00
9.840000e-06	-6.889899e-04	-2.251605e+00
9.850000e-06	-3.736228e-04	-2.125810e+00
9.860000e-06	2.527943e-05	-2.032027e+00
9.870000e-06	1.143430e-04	-1.997948e+00
9.880000e-06	2.659606e-04	-1.935763e+00
9.890000e-06	-3.886075e-05	-1.832554e+00
9.900000e-06	-5.359428e-04	-1.788468e+00
9.910000e-06	-8.927393e-04	-1.723762e+00
9.920000e-06	-9.292068e-04	-1.623549e+00
9.930000e-06	-4.743667e-04	-1.569995e+00
9.940000e-06	4.920516e-05	-1.533238e+00
9.950000e-06	2.627492e-04	-1.388991e+00
9.960000e-06	-4.156352e-05	-1.262606e+00
9.970000e-06	-1.393939e-04	-1.189471e+00
9.980000e-06	-2.752458e-04	-1.134338e+00
9.990000e-06	-5.519653e-04	-1.062155e+00
1.000000e-05	-7.182855e-04	-9.814199e-01
1.001000e-05	-4.114652e-04	-8.848117e-01
1.002000e-05	-6.566293e-04	-8.124790e-01
1.003000e-05	1.902190e-04	-7.594449e-01
1.004000e-05	3.559461e-04	-7.362830e-01
1.005000e-05	1.905660e-04	-6.503237e-01
1.006000e-05	-2.762115e-04	-4.942054e-01
1.007000e-05	-1.675068e-04	-4.200273e-01
1.008000e-05	-2.718521e-04	-3.784423e-01
1.009000e-05	-5.367506e-04	-3.063105e-01
1.010000e-05	-5.414110e-04	-2.115189e-01
1.011000e-05	-9.075314e-04	-1.698922e-01
1.012000e-05	-4.820140e-04	-8.425928e-02
1.013000e-05	3.657070e-04	-1.097572e-03
1.014000e-05	9.249007e-04	2.057769e-02
1.015000e-05	7.474685e-04	9.621234e-02
1.016000e-05	7.013700e-04	1.986064e-01
1.017000e-05	1.884880e-04	3.052946e-01
1.018000e-05	-5.301986e-04	4.095013e-01
1.019000e-05	-3.296783e-04	4.215551e-01
1.020000e-05	-3.838542e-05	4.851394e-01
1.021000e-05	3.985289e-04	5.778213e-01
1.022000e-05	4.371103e-03	6.416367e-01
1.023000e-05	1.038366e-02	7.678998e-01
1.024000e-05	1.599977e-03	8.967445e-01
1.025000e-05	-1.969952e-02	1.009987e+00
1.026000e-05	-1.744344e-02	1.091079e+00
1.027000e-05	8.109382e-03	1.074135e+00
1.028000e-05	3.181298e-02	1.177883e+00
1.029000e-05	-8.448451e-03	1.315238e+00
1.030000e-05	-3.544345e-02	1.365297e+00
1.031000e-05	2.280213e-02	1.360482e+00
1.032000e-05	3.365592e-02	1.557222e+00
1.033000e-05	-2.788706e-02	1.699657e+00
1.034000e-05	-2.537427e-02	1.671209e+00
1.035000e-05	3.604493e-02	1.738899e+00
1.036000e-05	1.190727e-02	1.852035e+00
1.037000e-05	-3.663027e-02	1.874738e+00
1.038000e-05	2.223345e-02	1.946771e+00
1.039000e-05	3.008477e-02	2.021059e+00
1.040000e-05	-3.189421e-02	2.114690e+00
1.041000e-05	-1.257549e-02	2.156875e+00
1.042000e-05	3.753872e-02	2.252542e+00
1.043000e-05	-1.751626e-02	2.344294e+00
1.044000e-05	-2.833767e-02	2.377923e+00
1.045000e-05	3.483397e-02	2.451059e+00
1.046000e-05	1.001869e-02	2.544321e+00
1.047000e-05	-3.727296e-02	2.618903e+00
1.048000e-05	1.823589e-02	2.663042e+00
1.049000e-05	2.639526e-02	2.809947e+00
1.050000e-05	-3.595599e-02	2.811034e+00
1.051000e-05	-2.423938e-04	2.894687e+00
1.052000e-05	3.289986e-02	2.998399e+00
1.053000e-05	-2.375682e-02	3.081642e+00
1.054000e-05	-7.104267e-03	3.135743e+00
1.055000e-05	3.036678e-02	3.218399e+00
1.056000e-05	-2.201809e-02	3.220608e+00
1.057000e-05	-1.020279e-02	3.275172e+00
1.058000e-05	2.450679e-02	3.427882e+00
1.059000e-05	-1.024590e-02	3.536168e+00
1.060000e-05	-1.302636e-02	3.596300e+00
1.061000e-05	1.890284e-02	3.610009e+00
1.062000e-05	-3.868429e-03	3.701640e+00
1.063000e-05	-6.481283e-03	3.715346e+00
1.064000e-05	9.920713e-03	3.821109e+00
1.065000e-05	-6.164095e-03	3.904215e+00
1.066000e-05	-8.109956e-03	3.928872e+00
1.067000e-05	1.120894e-02	4.018105e+00
1.068000e-05	-4.667411e-04	4.105166e+00
1.069000e-05	-6.194500e-03	4.205329e+00
1.070000e-05	5.141331e-03	4.284041e+00
1.071000e-05	9.383764e-04	4.376894e+00
1.072000e-05	-4.334043e-03	4.419526e+00
1.073000e-05	1.643573e-03	4.451636e+00
1.074000e-05	-3.043261e-04	4.524217e+00
1.075000e-05	-2.421024e-03	4.586500e+00
1.076000e-05	2.357380e-03	4.690563e+00
1.077000e-05	1.406055e-03	4.724692e+00
1.078000e-05	-4.361968e-06	4.785973e+00
1.079000e-05	-5.589706e-04	4.850489e+00
1.080000e-05	-1.249514e-03	4.913200e+00
1.081000e-05	-8.311389e-04	5.017429e+00
1.082000e-05	1.387821e-03	5.074995e+00
1.083000e-05	-1.129601e-03	5.189400e+00
1.084000e-05	5.716216e-04	5.272668e+00
1.085000e-05	1.070688e-03	5.326269e+00
1.086000e-05	-5.196143e-04	5.388350e+00
1.087000e-05	-8.404105e-04	5.491609e+00
1.088000e-05	1.256525e-03	5.473143e+00
1.089000e-05	-1.570659e-03	5.545871e+00
1.090000e-05	-1.179788e-03	5.609976e+00
1.091000e-05	1.331463e-03	5.691134e+00
1.092000e-05	1.575742e-03	5.744272e+00
1.093000e-05	-8.279697e-04	5.809333e+00
1.094000e-05	1.370054e-06	5.882112e+00
1.095000e-05	-3.199938e-04	5.955319e+00
1.096000e-05	-7.765872e-04	6.007503e+00
1.097000e-05	-6.080547e-05	6.042586e+00
1.098000e-05	4.475574e-04	6.145166e+00
1.099000e-05	-5.190067e-04	6.185846e+00
1.100000e-05	-7.771964e-05	6.219504e+00
1.101000e-05	9.803066e-04	6.342638e+00
1.102000e-05	3.176137e-04	6.313741e+00
1.103000e-05	-7.504331e-04	6.364322e+00
1.104000e-05	-7.766724e-04	6.440482e+00
1.105000e-05	3.556353e-04	6.472588e+00
1.106000e-05	2.142575e-04	6.514147e+00
1.107000e-05	5.149898e-04	6.616404e+00
1.108000e-05	-9.146697e-05	6.660988e+00
1.109000e-05	-2.397564e-05	6.695216e+00
1.110000e-05	-2.917839e-04	6.767198e+00
1.111000e-05	4.381023e-04	6.821003e+00
1.112000e-05	-1.975345e-04	6.841638e+00
1.113000e-05	-3.777663e-04	6.933643e+00
1.114000e-05	-4.746694e-04	6.947722e+00
1.115000e-05	6.950551e-04	7.028908e+00
1.116000e-05	5.302628e-04	7.010007e+00
1.117000e-05	2.225190e-04	7.103065e+00
1.118000e-05	-5.245388e-04	7.113266e+00
1.119000e-05	-6.765074e-05	7.157348e+00
1.120000e-05	-2.282801e-04	7.198957e+00
1.121000e-05	1.922247e-04	7.280596e+00
1.122000e-05	1.444649e-04	7.374172e+00
1.123000e-05	-1.666425e-05	7.395978e+00
1.124000e-05	-1.531116e-04	7.448414e+00
1.125000e-05	1.788054e-04	7.552662e+00
1.126000e-05	2.890001e-04	7.535352e+00
1.127000e-05	-2.645086e-04	7.637403e+00
1.128000e-05	-1.889042e-04	7.679533e+00
1.129000e-05	-3.539518e-05	7.683136e+00
1.130000e-05	4.235524e-04	7.725222e+00
1.131000e-05	3.157544e-04	7.766276e+00
1.132000e-05	1.399306e-08	7.849979e+00
1.133000e-05	-2.009300e-04	7.881516e+00
1.134000e-05	-2.995510e-05	7.964691e+00
1.135000e-05	-1.880826e-04	7.985351e+00
1.136000e-05	1.534154e-04	8.048354e+00
1.137000e-05	4.450608e-06	8.038507e+00
1.138000e-05	-5.167039e-05	8.103066e+00
1.139000e-05	-1.136712e-04	8.124815e+00
1.140000e-05	1.617028e-04	8.177274e+00
1.141000e-05	-2.068883e-05	8.217900e+00
1.142000e-05	-6.789123e-05	8.219034e+00
1.143000e-05	-2.805552e-04	8.290587e+00
1.144000e-05	1.133597e-05	8.293114e+00
1.145000e-05	2.276086e-04	8.334740e+00
1.146000e-05	3.314182e-04	8.315845e+00
1.147000e-05	-2.439233e-04	8.385779e+00
1.148000e-05	-8.382763e-06	8.398952e+00
1.149000e-05	-1.556269e-04	8.419556e+00
1.150000e-05	-2.750449e-05	8.462107e+00
1.151000e-05	6.422865e-05	8.493165e+00
1.152000e-05	-4.172910e-05	8.522168e+00
1.153000e-05	4.607116e-05	8.545143e+00
1.154000e-05	1.132972e-05	8.494270e+00
1.155000e-05	-7.583186e-05	8.555369e+00
1.156000e-05	-2.395847e-04	8.607850e+00
1.157000e-05	6.748295e-05	8.598878e+00
1.158000e-05	7.453799e-05	8.638929e+00
1.159000e-05	1.529614e-04	8.640011e+00
1.160000e-05	3.155945e-05	8.662015e+00
1.161000e-05	1.697342e-04	8.713114e+00
1.162000e-05	-1.104477e-04	8.753142e+00
1.163000e-05	7.758952e-05	8.744696e+00
1.164000e-05	-1.260774e-04	8.766219e+00
1.165000e-05	-6.932649e-05	8.808878e+00
1.166000e-05	-3.282815e-04	8.767523e+00
1.167000e-05	1.210807e-04	8.838451e+00
1.168000e-05	-2.392727e-05	8.837507e+00
1.169000e-05	1.761889e-04	8.860486e+00
1.170000e-05	-1.572766e-04	8.874112e+00
1.171000e-05	-3.261946e-05	8.913147e+00
1.172000e-05	-3.238339e-05	8.884123e+00
1.173000e-05	-1.313809e-05	8.974171e+00
1.174000e-05	-2.199137e-04	8.964201e+00
1.175000e-05	-1.349390e-04	8.966775e+00
1.176000e-05	1.386902e-04	8.996854e+00
1.177000e-05	1.183631e-05	9.027205e+00
1.178000e-05	1.293117e-05	9.016879e+00
1.179000e-05	9.970784e-06	9.046804e+00
1.180000e-05	-2.468575e-04	9.028381e+00
1.181000e-05	-1.946412e-04	9.048935e+00
1.182000e-05	1.981408e-04	9.069958e+00
1.183000e-05	1.243489e-04	9.058432e+00
1.184000e-05	-3.904338e-05	9.089957e+00
1.185000e-05	1.292822e-04	9.081511e+00
1.186000e-05	2.935774e-04	9.110510e+00
1.187000e-05	-1.492169e-04	9.090484e+00
1.188000e-05	-7.901476e-05	9.090563e+00
1.189000e-05	-1.280255e-04	9.111186e+00
1.190000e-05	-1.676380e-04	9.120584e+00
1.191000e-05	3.178772e-04	9.083616e+00
1.192000e-05	-1.699139e-04	9.112540e+00
1.193000e-05	4.194337e-05	9.133716e+00
1.194000e-05	3.970143e-06	9.133216e+00
1.195000e-05	1.327646e-04	9.143643e+00
1.196000e-05	3.283576e-04	9.133062e+00
1.197000e-05	3.309024e-05	9.113188e+00
1.198000e-05	3.111409e-06	9.094113e+00
1.199000e-05	-1.589295e-04	9.102511e+00
1.200000e-05	-4.618986e-05	9.099566e+00
1.201000e-05	-2.078720e-04	9.093040e+00
1.202000e-05	-2.689080e-04	9.091142e+00
1.203000e-05	4.824314e-06	9.113088e+00
1.204000e-05	2.946108e-04	9.100636e+00
1.205000e-05	1.697627e-04	9.111535e+00
1.206000e-05	3.598731e-04	9.113011e+00
1.207000e-05	-3.521429e-05	9.091484e+00
1.208000e-05	-5.608033e-04	9.070037e+00
1.209000e-05	-5.752922e-04	9.088532e+00
1.210000e-05	-1.605364e-04	9.040958e+00
1.211000e-05	-6.669634e-05	9.067955e+00
1.212000e-05	3.345119e-04	9.077833e+00
1.213000e-05	3.472492e-04	9.037378e+00
1.214000e-05	3.678737e-04	9.025905e+00
1.215000e-05	1.801399e-05	9.017905e+00
1.216000e-05	-2.322943e-04	9.027305e+00
1.217000e-05	-7.568951e-04	8.986779e+00
1.218000e-05	-8.344890e-04	8.976724e+00
1.219000e-05	-4.366851e-04	8.984202e+00
1.220000e-05	-1.108920e-04	8.962699e+00
1.221000e-05	1.642072e-04	8.924564e+00
1.222000e-05	-1.334215e-04	8.912139e+00
1.223000e-05	-2.278520e-04	8.880065e+00
1.224000e-05	-2.958179e-04	8.900927e+00
1.225000e-05	-3.289152e-04	8.840503e+00
1.226000e-05	-3.333821e-04	8.818871e+00
1.227000e-05	-4.025093e-04	8.825295e+00
1.228000e-05	-2.900799e-04	8.787318e+00
1.229000e-05	1.266768e-04	8.744221e+00
1.230000e-05	2.693798e-04	8.724741e+00
1.231000e-05	-3.038232e-05	8.722663e+00
1.232000e-05	-2.381892e-04	8.702664e+00
1.233000e-05	-2.456845e-04	8.681536e+00
1.234000e-05	-3.135980e-04	8.698034e+00
1.235000e-05	-1.196175e-04	8.639455e+00
1.236000e-05	-2.883035e-04	8.628402e+00
1.237000e-05	-8.530211e-05	8.577825e+00
1.238000e-05	1.139360e-04	8.566815e+00
1.239000e-05	-3.647824e-05	8.525690e+00
1.240000e-05	-1.372906e-04	8.522190e+00
1.241000e-05	-1.346484e-04	8.513113e+00
1.242000e-05	-1.020412e-04	8.520930e+00
1.243000e-05	-1.933426e-04	8.429030e+00
1.244000e-05	-5.832034e-05	8.428522e+00
1.245000e-05	1.709029e-05	8.406923e+00
1.246000e-05	6.982304e-05	8.365841e+00
1.247000e-05	-3.806345e-04	8.323618e+00
1.248000e-05	-2.345853e-04	8.312612e+00
1.249000e-05	-1.277533e-05	8.271562e+00
1.250000e-05	-1.896718e-04	8.268506e+00
1.251000e-05	-2.462209e-04	8.217251e+00
1.252000e-05	-1.000639e-04	8.186847e+00
1.253000e-05	-1.561854e-04	8.153161e+00
1.254000e-05	8.954112e-05	8.093112e+00
1.255000e-05	-1.456168e-05	8.079527e+00
1.256000e-05	-2.103633e-04	7.997449e+00
1.257000e-05	-1.833235e-04	8.006374e+00
1.258000e-05	-1.806058e-04	7.933698e+00
1.259000e-05	-1.885509e-04	7.924665e+00
1.260000e-05	5.446578e-05	7.901502e+00
1.261000e-05	-3.263612e-05	7.860432e+00
1.262000e-05	-1.535281e-05	7.755344e+00
1.263000e-05	-7.755317e-05	7.754115e+00
1.264000e-05	-1.314912e-04	7.693084e+00
1.265000e-05	-3.122722e-04	7.658929e+00
1.266000e-05	-1.813996e-04	7.616422e+00
1.267000e-05	-9.010815e-05	7.525117e+00
1.268000e-05	-1.758047e-04	7.521134e+00
1.269000e-05	-9.558646e-05	7.467403e+00
1.270000e-05	-4.830150e-05	7.377775e+00
1.271000e-05	1.285946e-04	7.334695e+00
1.272000e-05	-1.693891e-04	7.313033e+00
1.273000e-05	-2.041181e-04	7.197952e+00
1.274000e-05	-3.757502e-04	7.196418e+00
1.275000e-05	-2.156987e-04	7.146614e+00
1.276000e-05	-1.161411e-04	7.111610e+00
1.277000e-05	-1.914308e-04	7.070579e+00
1.278000e-05	-1.526782e-04	7.026322e+00
1.279000e-05	2.979546e-05	6.976290e+00
1.280000e-05	-1.493102e-04	6.932688e+00
1.281000e-05	-1.462699e-04	6.851583e+00
1.282000e-05	-2.405324e-04	6.817452e+00
1.283000e-05	-2.917425e-04	6.806271e+00
1.284000e-05	-3.166408e-04	6.743192e+00
1.285000e-05	-5.190833e-05	6.670961e+00
1.286000e-05	-3.055068e-04	6.617327e+00
1.287000e-05	-2.674190e-04	6.586245e+00
1.288000e-05	-1.766152e-04	6.552584e+00
1.289000e-05	-2.068331e-04	6.419024e+00
1.290000e-05	-7.245649e-05	6.376844e+00
1.291000e-05	-2.388664e-04	6.324712e+00
1.292000e-05	-3.093740e-04	6.281510e+00
1.293000e-05	-3.264374e-04	6.229948e+00
1.294000e-05	-2.545549e-04	6.175943e+00
1.295000e-05	-1.898190e-04	6.143736e+00
1.296000e-05	-3.531772e-04	6.113137e+00
1.297000e-05	-2.819072e-04	6.021078e+00
1.298000e-05	-2.852799e-04	6.027374e+00
1.299000e-05	-2.127787e-04	5.892663e+00
1.300000e-05	-2.808081e-04	5.830573e+00
1.301000e-05	-3.983108e-04	5.766341e+00
1.302000e-05	-5.332710e-04	5.704106e+00
1.303000e-05	-2.758648e-04	5.628977e+00
1.304000e-05	-1.961193e-04	5.585320e+00
1.305000e-05	-2.419344e-04	5.545264e+00
1.306000e-05	-3.027297e-04	5.491581e+00
1.307000e-05	-2.140233e-04	5.409298e+00
1.308000e-05	-2.739734e-04	5.374242e+00
1.309000e-05	-2.575769e-04	5.283035e+00
1.310000e-05	-1.386270e-04	5.208427e+00
1.311000e-05	-4.959838e-04	5.173712e+00
1.312000e-05	-4.204269e-04	5.078128e+00
1.313000e-05	-2.069860e-04	5.034765e+00
1.314000e-05	-2.555917e-04	4.913631e+00
1.315000e-05	-3.788833e-04	4.818874e+00
1.316000e-05	-3.416798e-04	4.726286e+00
1.317000e-05	-2.731242e-04	4.702606e+00
1.318000e-05	-3.609297e-04	4.649428e+00
1.319000e-05	-3.775324e-04	4.566314e+00
1.320000e-05	-1.555783e-04	4.534737e+00
1.321000e-05	-2.634996e-04	4.440477e+00
1.322000e-05	-4.805796e-04	4.407872e+00
1.323000e-05	-1.800952e-04	4.335767e+00
1.324000e-05	-1.604306e-05	4.300951e+00
1.325000e-05	-5.417513e-04	4.206841e+00
1.326000e-05	-5.046436e-04	4.095081e+00
1.327000e-05	-1.781562e-04	4.039051e+00
1.328000e-05	-3.815997e-04	3.935819e+00
1.329000e-05	-4.314718e-04	3.923658e+00
1.330000e-05	-2.990537e-04	3.869002e+00
1.331000e-05	-5.833485e-04	3.786845e+00
1.332000e-05	-5.674644e-04	3.705182e+00
1.333000e-05	-1.449845e-04	3.640050e+00
1.334000e-05	-1.749858e-04	3.587895e+00
1.335000e-05	-4.279823e-04	3.546237e+00
1.336000e-05	-5.693658e-04	3.437523e+00
1.337000e-05	-4.173523e-04	3.374310e+00
1.338000e-05	-3.834152e-04	3.261502e+00
1.339000e-05	-3.228044e-04	3.188472e+00
1.340000e-05	-5.395545e-04	3.155288e+00
1.341000e-05	-4.789477e-04	3.062152e+00
1.342000e-05	-4.131075e-04	3.009473e+00
1.343000e-05	-3.281978e-04	2.944164e+00
1.344000e-05	-5.023976e-04	2.871577e+00
1.345000e-05	-5.541548e-04	2.808025e+00
1.346000e-05	-5.664713e-04	2.717343e+00
1.347000e-05	-3.611473e-04	2.690504e+00
1.348000e-05	-2.617884e-04	2.557811e+00
1.349000e-05	-4.085457e-04	2.472050e+00
1.350000e-05	-6.835088e-04	2.398395e+00
1.351000e-05	-6.858233e-04	2.335761e+00
1.352000e-05	-3.410587e-04	2.251124e+00
1.353000e-05	-2.808921e-04	2.189494e+00
1.354000e-05	-5.995412e-04	2.104183e+00
1.355000e-05	-7.891014e-04	2.081053e+00
1.356000e-05	-4.488230e-04	2.009925e+00
1.357000e-05	-3.533024e-04	1.985792e+00
1.358000e-05	-4.582594e-04	1.884178e+00
1.359000e-05	-5.592499e-04	1.786838e+00
1.360000e-05	-6.981061e-04	1.704186e+00
1.361000e-05	-6.190781e-04	1.653075e+00
1.362000e-05	-3.771580e-04	1.556335e+00
1.363000e-05	-3.590403e-04	1.442050e+00
1.364000e-05	-4.480956e-04	1.369348e+00
1.365000e-05	-7.543150e-04	1.345729e+00
1.366000e-05	-4.748266e-04	1.240998e+00
1.367000e-05	-4.185023e-04	1.165819e+00
1.368000e-05	-4.309669e-04	1.103499e+00
1.369000e-05	-7.241666e-04	9.068371e-01
1.370000e-05	-7.904647e-04	9.010754e-01
1.371000e-05	-4.857823e-04	7.789225e-01
1.372000e-05	-2.586537e-04	7.457421e-01
1.373000e-05	-5.474443e-04	6.310750e-01
1.374000e-05	-6.511107e-04	6.079398e-01
1.375000e-05	-6.014916e-04	5.241330e-01
1.376000e-05	-5.604959e-04	4.305490e-01
1.377000e-05	-3.975090e-04	3.993912e-01
1.378000e-05	-2.975850e-04	3.146583e-01
1.379000e-05	-6.181644e-04	2.214376e-01
1.380000e-05	-9.015827e-04	1.126832e-01
1.381000e-05	-2.659365e-04	2.097757e-02
1.382000e-05	-6.492398e-04	-1.313164e-02
1.383000e-05	-4.389563e-04	-9.581690e-02
1.384000e-05	9.013902e-05	-1.700750e-01
1.385000e-05	1.247951e-04	-2.106103e-01
1.386000e-05	3.508546e-05	-2.762920e-01
1.387000e-05	-4.075637e-04	-3.894488e-01
1.388000e-05	-1.371742e-04	-4.205552e-01
1.389000e-05	-3.506004e-04	-4.526417e-01
1.390000e-05	2.702818e-03	-5.270309e-01
1.391000e-05	1.084732e-02	-6.757957e-01
1.392000e-05	1.027722e-02	-8.205879e-01
1.393000e-05	-2.303756e-02	-9.189297e-01
1.394000e-05	-2.933338e-02	-1.054054e+00
1.395000e-05	6.231997e-03	-1.021553e+00
1.396000e-05	3.786034e-02	-1.031583e+00
1.397000e-05	1.375626e-04	-1.116976e+00
1.398000e-05	-3.718994e-02	-1.285137e+00
1.399000e-05	1.399985e-02	-1.293717e+00
1.400000e-05	3.718892e-02	-1.325529e+00
1.401000e-05	-1.965603e-02	-1.496347e+00
1.402000e-05	-3.211473e-02	-1.601053e+00
1.403000e-05	3.249648e-02	-1.641583e+00
1.404000e-05	2.666101e-02	-1.676801e+00
1.405000e-05	-3.587389e-02	-1.810954e+00
1.406000e-05	-2.424044e-03	-1.861614e+00
1.407000e-05	3.890642e-02	-1.875298e+00
1.408000e-05	-1.440696e-02	-1.999556e+00
1.409000e-05	-3.163743e-02	-2.082765e+00
1.410000e-05	3.200679e-02	-2.156855e+00
1.411000e-05	2.083560e-02	-2.224617e+00
1.412000e-05	-3.888501e-02	-2.369374e+00
1.413000e-05	1.383890e-02	-2.400504e+00
1.414000e-05	3.237750e-02	-2.474267e+00
1.415000e-05	-2.893714e-02	-2.536951e+00
1.416000e-05	-1.480840e-02	-2.612034e+00
1.417000e-05	3.823603e-02	-2.714244e+00
1.418000e-05	-1.726831e-02	-2.758897e+00
1.419000e-05	-2.723460e-02	-2.820984e+00
1.420000e-05	3.515656e-02	-2.882221e+00
1.421000e-05	1.171510e-03	-2.988425e+00
1.422000e-05	-3.001442e-02	-3.075640e+00
1.423000e-05	2.914846e-02	-3.168476e+00
1.424000e-05	1.590949e-03	-3.253063e+00
1.425000e-05	-3.033644e-02	-3.314292e+00
1.426000e-05	2.493064e-02	-3.388353e+00
1.427000e-05	1.317608e-03	-3.431662e+00
1.428000e-05	-2.361733e-02	-3.463691e+00
1.429000e-05	2.250390e-02	-3.537876e+00
1.430000e-05	4.948268e-04	-3.580055e+00
1.431000e-05	-1.817353e-02	-3.683142e+00
1.432000e-05	1.792921e-02	-3.736859e+00
1.433000e-05	-4.718364e-03	-3.864638e+00
1.434000e-05	-1.723257e-02	-3.938397e+00
1.435000e-05	1.488077e-02	-4.011077e+00
1.436000e-05	1.941855e-03	-4.064214e+00
1.437000e-05	-1.155417e-02	-4.106901e+00
1.438000e-05	9.483539e-03	-4.199083e+00
1.439000e-05	-2.502584e-04	-4.263667e+00
1.440000e-05	-8.498716e-03	-4.335774e+00
1.441000e-05	2.781811e-03	-4.368930e+00
1.442000e-05	1.283242e-03	-4.422112e+00
1.443000e-05	-4.827340e-03	-4.482716e+00
1.444000e-05	1.804324e-03	-4.558005e+00
1.445000e-05	1.936381e-03	-4.660884e+00
1.446000e-05	8.722916e-06	-4.703268e+00
1.447000e-05	-1.373592e-03	-4.758460e+00
1.448000e-05	-2.267701e-03	-4.872508e+00
1.449000e-05	-2.029966e-03	-4.883296e+00
1.450000e-05	1.190434e-03	-4.997380e+00
1.451000e-05	-6.965558e-04	-5.052639e+00
1.452000e-05	-5.571745e-04	-5.145294e+00
1.453000e-05	1.394418e-03	-5.168905e+00
1.454000e-05	-1.461286e-03	-5.262113e+00
1.455000e-05	-2.405070e-03	-5.344351e+00
1.456000e-05	1.549770e-03	-5.460089e+00
1.457000e-05	-6.339293e-04	-5.504091e+00
1.458000e-05	-3.439534e-03	-5.537870e+00
1.459000e-05	9.126946e-04	-5.589460e+00
1.460000e-05	2.286871e-03	-5.671664e+00
1.461000e-05	-8.111875e-04	-5.724874e+00
1.462000e-05	-1.815363e-03	-5.789505e+00
1.463000e-05	-1.853986e-04	-5.862563e+00
1.464000e-05	-1.581204e-03	-5.902244e+00
1.465000e-05	-1.046080e-03	-5.958347e+00
1.466000e-05	3.981243e-04	-6.018035e+00
1.467000e-05	1.073428e-04	-6.011117e+00
1.468000e-05	-1.700535e-03	-6.145827e+00
1.469000e-05	2.842863e-04	-6.177883e+00
1.470000e-05	1.842668e-04	-6.280116e+00
1.471000e-05	-1.086685e-03	-6.294220e+00
1.472000e-05	-1.607845e-03	-6.368951e+00
1.473000e-05	-2.764655e-04	-6.469510e+00
1.474000e-05	-5.431996e-04	-6.463144e+00
1.475000e-05	1.982419e-05	-6.526749e+00
1.476000e-05	7.731603e-05	-6.548504e+00
1.477000e-05	-8.607232e-04	-6.631536e+00
1.478000e-05	-1.376738e-03	-6.693637e+00
1.479000e-05	-5.650065e-04	-6.735796e+00
1.480000e-05	-3.693803e-04	-6.776401e+00
1.481000e-05	-8.468488e-04	-6.781010e+00
1.482000e-05	-9.060072e-04	-6.822697e+00
1.483000e-05	-2.546720e-04	-6.985226e+00
1.484000e-05	-6.832696e-05	-7.008260e+00
1.485000e-05	-5.772461e-04	-7.049534e+00
1.486000e-05	-7.578985e-04	-7.113766e+00
1.487000e-05	-9.350772e-04	-7.106874e+00
1.488000e-05	-5.560061e-04	-7.200528e+00
1.489000e-05	-5.051958e-04	-7.250558e+00
1.490000e-05	-6.681303e-06	-7.304193e+00
1.491000e-05	-4.416438e-04	-7.335274e+00
1.492000e-05	-8.742411e-04	-7.387478e+00
1.493000e-05	-9.650555e-04	-7.399963e+00
1.494000e-05	-2.604842e-04	-7.482089e+00
1.495000e-05	-6.406063e-04	-7.443190e+00
1.496000e-05	-9.836340e-04	-7.534376e+00
1.497000e-05	-6.593773e-04	-7.578929e+00
1.498000e-05	4.881334e-05	-7.651982e+00
1.499000e-05	-2.585001e-04	-7.650693e+00
1.500000e-05	-5.100172e-04	-7.714256e+00
1.501000e-05	-6.470440e-04	-7.837860e+00
1.502000e-05	-7.143020e-04	-7.890038e+00
1.503000e-05	-8.138953e-04	-7.871541e+00
1.504000e-05	-3.839888e-04	-7.934794e+00
1.505000e-05	-4.472039e-04	-7.968325e+00
1.506000e-05	-7.368832e-04	-7.998928e+00
1.507000e-05	-6.780173e-04	-8.041036e+00
1.508000e-05	-3.432796e-04	-8.082764e+00
1.509000e-05	-4.441378e-04	-8.133692e+00
1.510000e-05	-7.534760e-04	-8.174773e+00
1.511000e-05	-9.382995e-04	-8.186876e+00
1.512000e-05	-6.418519e-04	-8.177433e+00
1.513000e-05	-3.486227e-04	-8.259935e+00
1.514000e-05	-2.878109e-04	-8.241586e+00
1.515000e-05	-4.144884e-04	-8.252614e+00
1.516000e-05	-8.289929e-04	-8.304221e+00
1.517000e-05	-7.087617e-04	-8.336769e+00
1.518000e-05	-7.345617e-04	-8.346425e+00
1.519000e-05	-3.880604e-04	-8.396954e+00
1.520000e-05	-7.723847e-04	-8.430016e+00
1.521000e-05	-6.981704e-04	-8.462039e+00
1.522000e-05	-6.277260e-04	-8.501648e+00
1.523000e-05	-1.807430e-04	-8.554224e+00
1.524000e-05	-3.928396e-04	-8.515228e+00
1.525000e-05	-6.302677e-04	-8.546431e+00
1.526000e-05	-6.458624e-04	-8.637431e+00
1.527000e-05	-7.477874e-04	-8.638957e+00
1.528000e-05	-2.807756e-04	-8.630514e+00
1.529000e-05	-2.626692e-04	-8.681110e+00
1.530000e-05	-5.965823e-04	-8.702167e+00
1.531000e-05	-7.730468e-04	-8.735723e+00
1.532000e-05	-6.243619e-04	-8.795877e+00
1.533000e-05	-5.082857e-04	-8.778304e+00
1.534000e-05	-6.136557e-04	-8.817934e+00
1.535000e-05	-7.287568e-04	-8.858454e+00
1.536000e-05	-5.730476e-04	-8.810961e+00
1.537000e-05	-4.260767e-04	-8.822590e+00
1.538000e-05	-4.113649e-04	-8.882063e+00
1.539000e-05	-5.185116e-04	-8.901141e+00
1.540000e-05	-4.483527e-04	-8.885217e+00
1.541000e-05	-6.498258e-04	-8.925244e+00
1.542000e-05	-6.562514e-04	-8.893717e+00
1.543000e-05	-4.499490e-04	-8.923799e+00
1.544000e-05	-6.174669e-04	-8.986248e+00
1.545000e-05	-7.539299e-04	-8.987849e+00
1.546000e-05	-6.582742e-04	-8.977925e+00
1.547000e-05	-5.058847e-04	-9.027431e+00
1.548000e-05	-4.157500e-04	-9.028404e+00
1.549000e-05	-4.792218e-04	-9.069908e+00
1.550000e-05	-5.514835e-04	-9.029007e+00
1.551000e-05	-6.689905e-04	-9.029530e+00
1.552000e-05	-5.052787e-04	-9.039983e+00
1.553000e-05	-3.666424e-04	-9.050535e+00
1.554000e-05	-6.893514e-04	-9.070588e+00
1.555000e-05	-7.775893e-04	-9.040560e+00
1.556000e-05	-1.737534e-04	-9.063713e+00
1.557000e-05	-3.605993e-04	-9.091641e+00
1.558000e-05	-3.209118e-04	-9.082612e+00
1.559000e-05	-6.053815e-04	-9.063666e+00
1.560000e-05	-7.349952e-04	-9.093592e+00
1.561000e-05	-6.908258e-04	-9.113662e+00
1.562000e-05	-6.233181e-04	-9.113116e+00
1.563000e-05	-6.103097e-04	-9.053064e+00
1.564000e-05	-5.259907e-04	-9.091713e+00
1.565000e-05	-4.520945e-04	-9.081538e+00
1.566000e-05	-1.330894e-04	-9.093167e+00
1.567000e-05	-1.820023e-04	-9.123588e+00
1.568000e-05	-3.651099e-04	-9.093639e+00
1.569000e-05	-8.283764e-04	-9.104188e+00
1.570000e-05	-7.699371e-04	-9.102663e+00
1.571000e-05	-4.116962e-04	-9.102616e+00
1.572000e-05	-4.209874e-04	-9.090014e+00
1.573000e-05	-4.200644e-04	-9.082658e+00
1.574000e-05	-4.431714e-04	-9.071560e+00
1.575000e-05	-4.542032e-04	-9.091086e+00
1.576000e-05	-4.981884e-04	-9.060638e+00
1.577000e-05	-5.430928e-04	-9.032007e+00
1.578000e-05	-3.862757e-04	-9.070506e+00
1.579000e-05	-6.737872e-04	-9.051034e+00
1.580000e-05	-5.415569e-04	-9.047433e+00
1.581000e-05	-1.992117e-04	-9.020905e+00
1.582000e-05	-3.019323e-04	-8.998507e+00
1.583000e-05	-4.709608e-04	-8.986899e+00
1.584000e-05	-4.768419e-04	-8.956903e+00
1.585000e-05	-2.498785e-04	-8.977900e+00
1.586000e-05	-3.360302e-04	-8.945873e+00
1.587000e-05	-3.967414e-04	-8.996320e+00
1.588000e-05	-5.198063e-04	-8.996823e+00
1.589000e-05	-3.232294e-04	-8.943847e+00
1.590000e-05	-2.306368e-04	-8.923691e+00
1.591000e-05	-7.579683e-05	-8.893165e+00
1.592000e-05	2.774944e-05	-8.882140e+00
1.593000e-05	-2.607920e-04	-8.872108e+00
1.594000e-05	-1.312680e-04	-8.873061e+00
1.595000e-05	-1.226306e-04	-8.840532e+00
1.596000e-05	-4.730393e-04	-8.827932e+00
1.597000e-05	-5.564944e-04	-8.789429e+00
1.598000e-05	-6.476798e-04	-8.818548e+00
1.599000e-05	-5.854015e-04	-8.777418e+00
1.600000e-05	-3.860609e-04	-8.752721e+00
1.601000e-05	-4.533537e-05	-8.692160e+00
1.602000e-05	-1.418399e-04	-8.682015e+00
1.603000e-05	-1.860347e-04	-8.660561e+00
1.604000e-05	-2.548193e-04	-8.630456e+00
1.605000e-05	-5.927866e-04	-8.628379e+00
1.606000e-05	-6.590852e-04	-8.576274e+00
1.607000e-05	-6.208225e-04	-8.534699e+00
1.608000e-05	-6.589473e-04	-8.543669e+00
1.609000e-05	-3.540714e-04	-8.464110e+00
1.610000e-05	-1.733050e-05	-8.460004e+00
1.611000e-05	2.533205e-04	-8.429504e+00
1.612000e-05	-1.511774e-04	-8.377427e+00
1.613000e-05	-6.291618e-04	-8.375869e+00
1.614000e-05	-7.193536e-04	-8.335794e+00
1.615000e-05	-9.402407e-04	-8.335216e+00
1.616000e-05	-8.359459e-04	-8.303141e+00
1.617000e-05	-2.898026e-04	-8.270512e+00
1.618000e-05	-1.200034e-04	-8.209456e+00
1.619000e-05	-1.103979e-04	-8.217451e+00
1.620000e-05	1.764798e-04	-8.177320e+00
1.621000e-05	-7.171970e-05	-8.125720e+00
1.622000e-05	-7.451560e-04	-8.083191e+00
1.623000e-05	-8.691468e-04	-8.084036e+00
1.624000e-05	-6.740721e-04	-8.076507e+00
1.625000e-05	-4.858402e-04	-7.987947e+00
1.626000e-05	-3.788272e-04	-7.996275e+00
1.627000e-05	1.180908e-05	-7.923290e+00
1.628000e-05	-2.184455e-05	-7.892561e+00
1.629000e-05	-2.979153e-04	-7.830908e+00
1.630000e-05	-4.382180e-04	-7.784927e+00
1.631000e-05	-4.800092e-04	-7.745749e+00
1.632000e-05	-6.441105e-04	-7.693115e+00
1.633000e-05	-7.390024e-04	-7.640450e+00
1.634000e-05	-3.099674e-04	-7.567974e+00
1.635000e-05	-4.436144e-05	-7.555693e+00
1.636000e-05	1.590483e-04	-7.442586e+00
1.637000e-05	-3.489433e-04	-7.460985e+00
1.638000e-05	-2.989813e-04	-7.407504e+00
1.639000e-05	-3.738053e-04	-7.337871e+00
1.640000e-05	-5.912212e-04	-7.334166e+00
1.641000e-05	-5.101104e-04	-7.292616e+00
1.642000e-05	-4.630098e-04	-7.281050e+00
1.643000e-05	-4.200081e-04	-7.218000e+00
1.644000e-05	-3.310155e-04	-7.135370e+00
1.645000e-05	-1.760606e-04	-7.092190e+00
1.646000e-05	-1.460477e-04	-7.081934e+00
1.647000e-05	-3.187806e-04	-7.027327e+00
1.648000e-05	-4.664450e-04	-6.956238e+00
1.649000e-05	-3.708895e-04	-6.892058e+00
1.650000e-05	-3.831043e-04	-6.849497e+00
1.651000e-05	-4.258650e-04	-6.788921e+00
1.652000e-05	-2.585034e-04	-6.745242e+00
1.653000e-05	-1.436397e-04	-6.662636e+00
1.654000e-05	-2.522812e-04	-6.671030e+00
1.655000e-05	-4.530606e-04	-6.598450e+00
1.656000e-05	-2.854803e-04	-6.556393e+00
1.657000e-05	-2.615553e-04	-6.462534e+00
1.658000e-05	-4.900076e-04	-6.461530e+00
1.659000e-05	-6.383111e-04	-6.398474e+00
1.660000e-05	-1.769959e-04	-6.354745e+00
1.661000e-05	-1.593938e-04	-6.293163e+00
1.662000e-05	-2.758009e-04	-6.219530e+00
1.663000e-05	-4.236305e-04	-6.183771e+00
1.664000e-05	-4.116498e-04	-6.073087e+00
1.665000e-05	-3.637427e-04	-6.020006e+00
1.666000e-05	-4.064949e-05	-5.977396e+00
1.667000e-05	-1.738553e-04	-5.903739e+00
1.668000e-05	-6.680531e-04	-5.901083e+00
1.669000e-05	-3.764490e-04	-5.768925e+00
1.670000e-05	-1.975509e-04	-5.766246e+00
1.671000e-05	-1.067492e-04	-5.714237e+00
1.672000e-05	-3.923702e-04	-5.642004e+00
1.673000e-05	-4.933951e-04	-5.626926e+00
1.674000e-05	-2.728992e-04	-5.544242e+00
1.675000e-05	-1.230396e-04	-5.441054e+00
1.676000e-05	-1.754963e-04	-5.357348e+00
1.677000e-05	-3.156363e-04	-5.272185e+00
1.678000e-05	-5.067288e-04	-5.220452e+00
1.679000e-05	-4.926486e-04	-5.175818e+00
1.680000e-05	-1.828716e-04	-5.093659e+00
1.681000e-05	-1.138608e-04	-5.030026e+00
1.682000e-05	-4.927946e-04	-4.963846e+00
1.683000e-05	-5.118318e-04	-4.891458e+00
1.684000e-05	-2.551030e-04	-4.757271e+00
1.685000e-05	-7.258269e-05	-4.683162e+00
1.686000e-05	-3.190089e-04	-4.642052e+00
1.687000e-05	-5.197287e-04	-4.566968e+00
1.688000e-05	-5.257376e-04	-4.535240e+00
1.689000e-05	-3.715870e-04	-4.493583e+00
1.690000e-05	-9.567141e-05	-4.398974e+00
1.691000e-05	1.281718e-04	-4.396371e+00
1.692000e-05	-3.916972e-04	-4.294765e+00
1.693000e-05	-5.162166e-04	-4.261053e+00
1.694000e-05	-1.732276e-04	-4.187898e+00
1.695000e-05	-1.987940e-04	-4.116241e+00
1.696000e-05	-5.616011e-04	-4.083124e+00
1.697000e-05	-5.436321e-04	-4.010400e+00
1.698000e-05	-4.516664e-04	-3.986925e+00
1.699000e-05	4.646134e-05	-3.884006e+00
1.700000e-05	-1.920461e-04	-3.769265e+00
1.701000e-05	-2.152998e-04	-3.684658e+00
1.702000e-05	-2.324444e-04	-3.610499e+00
1.703000e-05	-3.124162e-04	-3.555874e+00
1.704000e-05	-2.555333e-04	-3.494686e+00
1.705000e-05	-5.789745e-05	-3.450527e+00
1.706000e-05	-3.520814e-04	-3.406421e+00
1.707000e-05	-6.144994e-04	-3.314711e+00
1.708000e-05	-4.984364e-04	-3.251099e+00
1.709000e-05	-2.885651e-04	-3.159024e+00
1.710000e-05	-2.126018e-04	-3.145294e+00
1.711000e-05	-3.189986e-04	-3.019926e+00
1.712000e-05	-2.765165e-04	-2.924232e+00
1.713000e-05	-3.672777e-05	-2.821030e+00
1.714000e-05	-5.475505e-05	-2.758897e+00
1.715000e-05	-3.289792e-04	-2.724341e+00
1.716000e-05	-3.930218e-04	-2.621582e+00
1.717000e-05	-4.713411e-04	-2.548417e+00
1.718000e-05	-1.880795e-04	-2.474207e+00
1.719000e-05	-2.216951e-04	-2.432026e+00
1.720000e-05	-3.754569e-05	-2.388900e+00
1.721000e-05	-1.747958e-05	-2.325813e+00
1.722000e-05	-4.274675e-04	-2.222498e+00
1.723000e-05	-3.016368e-04	-2.104783e+00
1.724000e-05	-3.862449e-04	-2.011028e+00
1.725000e-05	-5.921384e-04	-1.998396e+00
1.726000e-05	-4.823637e-04	-1.946317e+00
1.727000e-05	-2.954786e-04	-1.831025e+00
1.728000e-05	1.500789e-05	-1.769346e+00
1.729000e-05	1.613638e-04	-1.685187e+00
1.730000e-05	-3.017742e-05	-1.481053e+00
1.731000e-05	-3.178194e-04	-1.578971e+00
1.732000e-05	-4.966302e-04	-1.524167e+00
1.733000e-05	-4.261548e-04	-1.340419e+00
1.734000e-05	-3.871882e-04	-1.262128e+00
1.735000e-05	-3.623247e-04	-1.188974e+00
1.736000e-05	-2.175166e-04	-1.106261e+00
1.737000e-05	-8.279480e-06	-1.031028e+00
1.738000e-05	-1.493985e-04	-9.784474e-01
1.739000e-05	-3.323233e-04	-8.941554e-01
1.740000e-05	-4.834643e-04	-8.200766e-01
1.741000e-05	-5.340703e-04	-7.984460e-01
1.742000e-05	-3.874750e-04	-7.242343e-01
1.743000e-05	-2.658846e-04	-5.800437e-01
1.744000e-05	-1.912938e-04	-4.556293e-01
1.745000e-05	-9.157455e-05	-4.410002e-01
1.746000e-05	6.369612e-06	-3.598223e-01
1.747000e-05	-2.406190e-04	-3.148055e-01
1.748000e-05	-4.129072e-04	-2.120526e-01
1.749000e-05	-3.436470e-04	-1.584409e-01
1.750000e-05	-6.347299e-04	-5.418172e-02
1.751000e-05	-3.246191e-04	-1.057138e-02
1.752000e-05	4.547358e-04	-8.370059e-03
1.753000e-05	6.049632e-04	1.233406e-01
1.754000e-05	6.915976e-04	2.305128e-01
1.755000e-05	3.063881e-04	3.352933e-01
1.756000e-05	-2.061712e-04	3.998761e-01
1.757000e-05	4.988546e-05	4.116064e-01
1.758000e-05	1.120957e-04	4.852893e-01
1.759000e-05	4.535662e-04	5.674248e-01
1.760000e-05	4.585148e-03	6.511378e-01
1.761000e-05	1.026468e-02	7.799272e-01
1.762000e-05	-4.558895e-04	9.127209e-01
1.763000e-05	-2.075898e-02	1.020610e+00
1.764000e-05	-1.609224e-02	1.114708e+00
1.765000e-05	1.130048e-02	1.093296e+00
1.766000e-05	3.095832e-02	1.190955e+00
1.767000e-05	-1.196410e-02	1.294790e+00
1.768000e-05	-3.460898e-02	1.374820e+00
1.769000e-05	2.658254e-02	1.389204e+00
1.770000e-05	3.163764e-02	1.538325e+00
1.771000e-05	-3.119307e-02	1.671587e+00
1.772000e-05	-2.130631e-02	1.673587e+00
1.773000e-05	3.708995e-02	1.686924e+00
1.774000e-05	6.155854e-03	1.925587e+00
1.775000e-05	-3.537546e-02	1.904185e+00
1.776000e-05	2.625959e-02	1.986275e+00
1.777000e-05	2.809418e-02	2.041158e+00
1.778000e-05	-3.398266e-02	2.143765e+00
1.779000e-05	-7.402693e-03	2.176355e+00
1.780000e-05	3.652450e-02	2.281616e+00
1.781000e-05	-2.205350e-02	2.316320e+00
1.782000e-05	-2.603589e-02	2.408399e+00
1.783000e-05	3.552119e-02	2.421033e+00
1.784000e-05	4.473719e-03	2.495297e+00
1.785000e-05	-3.555867e-02	2.627481e+00
1.786000e-05	2.244142e-02	2.694218e+00
1.787000e-05	2.231059e-02	2.809424e+00
1.788000e-05	-3.647427e-02	2.841557e+00
1.789000e-05	4.854858e-03	2.904240e+00
1.790000e-05	3.111333e-02	2.998376e+00
1.791000e-05	-2.647688e-02	3.049630e+00
1.792000e-05	-2.108790e-03	3.164796e+00
1.793000e-05	2.799698e-02	3.198897e+00
1.794000e-05	-2.487083e-02	3.221559e+00
1.795000e-05	-6.400106e-03	3.333692e+00
1.796000e-05	2.380510e-02	3.408405e+00
1.797000e-05	-1.306362e-02	3.535616e+00
1.798000e-05	-9.985082e-03	3.560395e+00
1.799000e-05	1.903713e-02	3.632008e+00
1.800000e-05	-6.025740e-03	3.692639e+00
1.801000e-05	-4.909126e-03	3.748349e+00
1.802000e-05	9.633558e-03	3.830063e+00
1.803000e-05	-7.755252e-03	3.914668e+00
1.804000e-05	-6.872528e-03	3.967346e+00
1.805000e-05	1.183346e-02	4.019454e+00
1.806000e-05	-1.618081e-03	4.080667e+00
1.807000e-05	-5.342078e-03	4.156283e+00
1.808000e-05	5.337284e-03	4.292517e+00
1.809000e-05	3.317780e-04	4.377820e+00
1.810000e-05	-4.330988e-03	4.409004e+00
1.811000e-05	1.990105e-03	4.461586e+00
1.812000e-05	-7.145643e-04	4.515769e+00
1.813000e-05	-1.871880e-03	4.579904e+00
1.814000e-05	2.552326e-03	4.642114e+00
1.815000e-05	1.175870e-03	4.684872e+00
1.816000e-05	-1.589855e-04	4.806399e+00
1.817000e-05	-3.801349e-04	4.834538e+00
1.818000e-05	-1.369737e-03	4.973275e+00
1.819000e-05	-5.778405e-04	5.039483e+00
1.820000e-05	1.271158e-03	5.094641e+00
1.821000e-05	-1.090779e-03	5.177428e+00
1.822000e-05	4.771386e-04	5.292687e+00
1.823000e-05	8.596070e-04	5.325799e+00
1.824000e-05	-5.166196e-04	5.378478e+00
1.825000e-05	-6.431267e-04	5.461484e+00
1.826000e-05	1.373271e-03	5.514266e+00
1.827000e-05	-1.621461e-03	5.556747e+00
1.828000e-05	-9.292392e-04	5.629377e+00
1.829000e-05	1.248778e-03	5.642144e+00
1.830000e-05	1.322037e-03	5.774248e+00
1.831000e-05	-9.527324e-04	5.829407e+00
1.832000e-05	-6.517376e-05	5.881090e+00
1.833000e-05	-1.861385e-04	5.945743e+00
1.834000e-05	-4.771756e-04	6.009479e+00
1.835000e-05	-2.061160e-05	6.092562e+00
1.836000e-05	8.200149e-04	6.123717e+00
1.837000e-05	-6.367992e-04	6.188325e+00
1.838000e-05	-3.784061e-04	6.198410e+00
1.839000e-05	9.816859e-04	6.301136e+00
1.840000e-05	4.304641e-04	6.314665e+00
1.841000e-05	-9.150649e-04	6.365823e+00
1.842000e-05	-7.550150e-04	6.389428e+00
1.843000e-05	3.714568e-04	6.473141e+00
1.844000e-05	3.020411e-04	6.582626e+00
1.845000e-05	5.990862e-04	6.597831e+00
1.846000e-05	9.794757e-05	6.662013e+00
1.847000e-05	-3.906998e-04	6.764267e+00
1.848000e-05	-4.295201e-04	6.747824e+00
1.849000e-05	6.971667e-04	6.829529e+00
1.850000e-05	-3.664578e-05	6.901061e+00
1.851000e-05	-4.519788e-04	6.894171e+00
1.852000e-05	-6.056995e-04	6.954822e+00
1.853000e-05	5.711572e-04	7.028404e+00
1.854000e-05	5.485393e-04	7.057487e+00
1.855000e-05	2.096739e-04	7.102617e+00
1.856000e-05	-7.222676e-04	7.134242e+00
1.857000e-05	-3.446180e-04	7.166396e+00
1.858000e-05	2.481241e-05	7.178958e+00
1.859000e-05	1.897163e-04	7.274120e+00
1.860000e-05	2.598379e-04	7.325246e+00
1.861000e-05	2.216557e-04	7.415482e+00
1.862000e-05	-5.030364e-04	7.420582e+00
1.863000e-05	1.135298e-04	7.505142e+00
1.864000e-05	4.428490e-04	7.555225e+00
1.865000e-05	-2.550848e-04	7.627851e+00
1.866000e-05	-6.791659e-04	7.650963e+00
1.867000e-05	-1.522695e-04	7.692190e+00
1.868000e-05	6.007986e-04	7.732670e+00
1.869000e-05	2.917811e-04	7.786326e+00
1.870000e-05	1.020678e-05	7.800437e+00
1.871000e-05	-2.554191e-04	7.950792e+00
1.872000e-05	-2.584121e-04	7.934761e+00
1.873000e-05	-8.917474e-05	7.963794e+00
1.874000e-05	3.416113e-04	8.018953e+00
1.875000e-05	-7.018653e-05	8.061542e+00
1.876000e-05	-4.039901e-04	8.071688e+00
1.877000e-05	1.354989e-04	8.125166e+00
1.878000e-05	5.892726e-04	8.217874e+00
1.879000e-05	-6.215718e-05	8.187932e+00
1.880000e-05	-1.317970e-04	8.259431e+00
1.881000e-05	-3.294020e-04	8.260611e+00
1.882000e-05	-6.697366e-05	8.301087e+00
1.883000e-05	2.584316e-04	8.342639e+00
1.884000e-05	4.839745e-04	8.305269e+00
1.885000e-05	-1.558753e-04	8.376247e+00
1.886000e-05	-1.348791e-04	8.408452e+00
1.887000e-05	1.044235e-04	8.447480e+00
1.888000e-05	1.771349e-04	8.440985e+00
1.889000e-05	-1.116343e-04	8.482087e+00
1.890000e-05	-2.281391e-04	8.503737e+00
1.891000e-05	-2.442214e-04	8.544668e+00
1.892000e-05	2.160421e-04	8.545775e+00
1.893000e-05	5.246909e-04	8.596798e+00
1.894000e-05	-1.161987e-05	8.596379e+00
1.895000e-05	-3.308842e-04	8.607880e+00
1.896000e-05	-2.215910e-04	8.630058e+00
1.897000e-05	2.624711e-04	8.660537e+00
1.898000e-05	1.105391e-04	8.692037e+00
1.899000e-05	5.904080e-05	8.662115e+00
1.900000e-05	-7.152872e-05	8.743716e+00
1.901000e-05	7.354994e-05	8.745271e+00
1.902000e-05	2.548697e-05	8.776423e+00
1.903000e-05	1.367289e-04	8.767398e+00
1.904000e-05	-1.931361e-04	8.808404e+00
1.905000e-05	-2.688324e-04	8.856999e+00
1.906000e-05	-1.161666e-04	8.889034e+00
1.907000e-05	6.744140e-04	8.861056e+00
1.908000e-05	-1.532805e-06	8.890536e+00
1.909000e-05	-1.701549e-04	8.970166e+00
1.910000e-05	-1.713852e-04	8.914165e+00
1.911000e-05	1.966634e-04	8.934722e+00
1.912000e-05	-3.794546e-05	8.974222e+00
1.913000e-05	1.459870e-04	9.024248e+00
1.914000e-05	7.135786e-05	9.015303e+00
1.915000e-05	-2.107101e-04	9.017356e+00
1.916000e-05	9.979748e-05	9.047354e+00
1.917000e-05	2.427198e-04	9.038879e+00
1.918000e-05	-2.513209e-04	9.028932e+00
1.919000e-05	-2.034068e-04	9.050408e+00
1.920000e-05	4.096046e-05	9.079383e+00
1.921000e-05	3.299551e-04	9.090482e+00
1.922000e-05	2.035104e-04	9.060961e+00
1.923000e-05	1.032657e-04	9.058932e+00
1.924000e-05	-1.590012e-04	9.092111e+00
1.925000e-05	-3.230414e-04	9.140986e+00
1.926000e-05	1.228960e-04	9.091712e+00
1.927000e-05	2.040318e-04	9.102112e+00
1.928000e-05	-2.620475e-05	9.132712e+00
1.929000e-05	-2.383920e-04	9.164062e+00
1.930000e-05	1.643858e-04	9.162242e+00
1.931000e-05	1.256248e-04	9.132719e+00
1.932000e-05	-1.452932e-04	9.133688e+00
1.933000e-05	-2.071231e-04	9.145267e+00
1.934000e-05	-1.330454e-04	9.143212e+00
1.935000e-05	-4.227486e-05	9.144140e+00
1.936000e-05	2.300229e-04	9.103663e+00
1.937000e-05	5.316789e-05	9.112016e+00
1.938000e-05	-1.678087e-04	9.113661e+00
1.939000e-05	-2.014829e-04	9.122113e+00
1.940000e-05	-1.295216e-04	9.131137e+00
1.941000e-05	3.098286e-05	9.072112e+00
1.942000e-05	9.193378e-05	9.141642e+00
1.943000e-05	-1.662228e-04	9.122059e+00
1.944000e-05	-2.392281e-04	9.139737e+00
1.945000e-05	3.673222e-05	9.161036e+00
1.946000e-05	1.472899e-04	9.081586e+00
1.947000e-05	-1.557077e-04	9.058958e+00
1.948000e-05	-2.673070e-04	9.059406e+00
1.949000e-05	-3.450646e-05	9.078433e+00
1.950000e-05	1.202588e-04	9.036857e+00
1.951000e-05	2.534975e-04	9.047851e+00
1.952000e-05	9.522852e-05	9.018330e+00
1.953000e-05	-2.690770e-04	9.027829e+00
1.954000e-05	-3.730419e-04	9.004830e+00
1.955000e-05	-1.574871e-04	9.006775e+00
1.956000e-05	-1.520364e-04	8.984705e+00
1.957000e-05	-2.376490e-04	8.974249e+00
1.958000e-05	-4.353232e-04	8.966216e+00
1.959000e-05	-2.430079e-04	8.944067e+00
1.960000e-05	-2.366828e-04	8.922069e+00
1.961000e-05	-6.758469e-05	8.879088e+00
1.962000e-05	-2.969350e-04	8.849456e+00
1.963000e-05	-6.197153e-04	8.869897e+00
1.964000e-05	-7.034786e-05	8.845873e+00
1.965000e-05	-9.646924e-05	8.817869e+00
1.966000e-05	-1.303185e-04	8.773319e+00
1.967000e-05	-1.733300e-04	8.794816e+00
1.968000e-05	-1.731234e-04	8.794641e+00
1.969000e-05	1.256726e-04	8.734190e+00
1.970000e-05	-4.391096e-05	8.713542e+00
1.971000e-05	-1.729254e-04	8.703035e+00
1.972000e-05	-4.794940e-04	8.660957e+00
1.973000e-05	-2.917875e-04	8.629408e+00
1.974000e-05	-3.051073e-04	8.618948e+00
1.975000e-05	6.797960e-07	8.586918e+00
1.976000e-05	2.796361e-04	8.586270e+00
1.977000e-05	2.127163e-04	8.524668e+00
1.978000e-05	2.906526e-04	8.523664e+00
1.979000e-05	2.481504e-05	8.512589e+00
1.980000e-05	-2.038805e-04	8.491630e+00
1.981000e-05	-3.392757e-04	8.430456e+00
1.982000e-05	-6.370003e-04	8.448471e+00
1.983000e-05	-4.048188e-04	8.388923e+00
1.984000e-05	1.178576e-04	8.385816e+00
1.985000e-05	2.340139e-04	8.354143e+00
1.986000e-05	2.207085e-04	8.302140e+00
1.987000e-05	-1.244011e-04	8.300560e+00
1.988000e-05	-3.560515e-05	8.279508e+00
1.989000e-05	-2.490940e-04	8.177475e+00
1.990000e-05	-4.378919e-04	8.185765e+00
1.991000e-05	-4.045513e-04	8.131165e+00
1.992000e-05	-1.395083e-04	8.091111e+00
1.993000e-05	1.748936e-04	8.049978e+00
1.994000e-05	4.047734e-04	8.046879e+00
1.995000e-05	1.375338e-04	7.998223e+00
1.996000e-05	-2.793175e-04	7.964792e+00
1.997000e-05	-3.784979e-04	7.932692e+00
1.998000e-05	-3.547609e-04	7.880135e+00
1.999000e-05	-5.071804e-04	7.818001e+00
2.000000e-05	-3.241690e-04	7.787345e+00
2.001000e-05	-8.623479e-06	7.744190e+00
2.002000e-05	1.483498e-04	7.711117e+00
2.003000e-05	1.054835e-04	7.659030e+00
2.004000e-05	-5.536302e-05	7.617369e+00
2.005000e-05	-3.511573e-04	7.574767e+00
2.006000e-05	-5.495332e-04	7.501507e+00
2.007000e-05	-3.652897e-04	7.467905e+00
2.008000e-05	1.035028e-05	7.396768e+00
2.009000e-05	-1.547350e-04	7.304643e+00
2.010000e-05	-1.601777e-04	7.302582e+00
2.011000e-05	1.820902e-05	7.268471e+00
2.012000e-05	-3.895611e-05	7.196344e+00
2.013000e-05	-3.605076e-04	7.155770e+00
2.014000e-05	-2.561039e-04	7.092163e+00
2.015000e-05	-2.798674e-04	7.059457e+00
2.016000e-05	-2.474922e-04	7.036924e+00
2.017000e-05	-1.882566e-04	6.976266e+00
2.018000e-05	4.233347e-05	6.902187e+00
2.019000e-05	-1.471841e-04	6.882003e+00
2.020000e-05	-4.165687e-04	6.818929e+00
2.021000e-05	-3.585811e-04	6.785317e+00
2.022000e-05	-1.024326e-05	6.741241e+00
2.023000e-05	1.750244e-05	6.700981e+00
2.024000e-05	-3.886854e-04	6.626348e+00
2.025000e-05	-3.865825e-04	6.555735e+00
2.026000e-05	-1.806126e-04	6.552081e+00
2.027000e-05	-1.309589e-04	6.428974e+00
2.028000e-05	-2.777341e-04	6.364817e+00
2.029000e-05	-4.557292e-04	6.325213e+00
2.030000e-05	-3.035018e-04	6.271531e+00
2.031000e-05	5.346221e-06	6.258453e+00
2.032000e-05	-1.189648e-04	6.156792e+00
2.033000e-05	-2.987953e-04	6.135638e+00
2.034000e-05	-3.229026e-04	6.072081e+00
2.035000e-05	-5.056956e-04	6.089527e+00
2.036000e-05	-3.606725e-04	6.027849e+00
2.037000e-05	-4.443865e-05	5.902638e+00
2.038000e-05	-8.458790e-05	5.858451e+00
2.039000e-05	-4.535713e-04	5.786716e+00
2.040000e-05	-2.376386e-04	5.731156e+00
2.041000e-05	2.505001e-05	5.648974e+00
2.042000e-05	-4.173765e-04	5.587365e+00
2.043000e-05	-4.185195e-04	5.515187e+00
2.044000e-05	-2.995487e-04	5.481087e+00
2.045000e-05	-3.830316e-04	5.419397e+00
2.046000e-05	-1.845626e-04	5.363743e+00
2.047000e-05	2.669699e-05	5.303032e+00
2.048000e-05	-2.024061e-04	5.237420e+00
2.049000e-05	-3.995464e-04	5.173816e+00
2.050000e-05	-2.716608e-04	5.079477e+00
2.051000e-05	-4.437882e-04	4.946185e+00
2.052000e-05	-4.316870e-04	4.890054e+00
2.053000e-05	-3.786365e-04	4.817522e+00
2.054000e-05	-2.921927e-04	4.735770e+00
2.055000e-05	-3.541445e-04	4.704156e+00
2.056000e-05	-2.731236e-04	4.648028e+00
2.057000e-05	-3.420554e-04	4.556790e+00
2.058000e-05	-2.845767e-04	4.502558e+00
2.059000e-05	-3.395180e-04	4.450478e+00
2.060000e-05	-3.394634e-04	4.418494e+00
2.061000e-05	-4.618830e-04	4.384840e+00
2.062000e-05	-2.990622e-04	4.231056e+00
2.063000e-05	-2.690632e-04	4.165788e+00
2.064000e-05	-3.400168e-04	4.103058e+00
2.065000e-05	-3.561879e-04	4.039423e+00
2.066000e-05	-3.671620e-04	3.946768e+00
2.067000e-05	-4.306803e-04	3.943658e+00
2.068000e-05	-3.425979e-04	3.849976e+00
2.069000e-05	-4.381468e-04	3.766393e+00
2.070000e-05	-3.783426e-04	3.714578e+00
2.071000e-05	-4.579330e-04	3.650976e+00
2.072000e-05	-4.719844e-04	3.588450e+00
2.073000e-05	-2.616120e-04	3.525188e+00
2.074000e-05	-3.657559e-04	3.449893e+00
2.075000e-05	-5.049807e-04	3.324255e+00
2.076000e-05	-4.633126e-04	3.242524e+00
2.077000e-05	-4.242739e-04	3.218945e+00
2.078000e-05	-4.982112e-04	3.146310e+00
2.079000e-05	-5.332729e-04	3.102602e+00
2.080000e-05	-3.350814e-04	2.978972e+00
2.081000e-05	-4.868406e-04	2.943261e+00
2.082000e-05	-4.269485e-04	2.851627e+00
2.083000e-05	-4.691997e-04	2.778499e+00
2.084000e-05	-4.282593e-04	2.774367e+00
2.085000e-05	-4.045385e-04	2.679506e+00
2.086000e-05	-4.792775e-04	2.597265e+00
2.087000e-05	-3.071109e-04	2.472602e+00
2.088000e-05	-3.801301e-04	2.388944e+00
2.089000e-05	-5.029220e-04	2.374664e+00
2.090000e-05	-3.109440e-04	2.222577e+00
2.091000e-05	-4.924668e-04	2.228416e+00
2.092000e-05	-6.095185e-04	2.114254e+00
2.093000e-05	-4.025194e-04	2.061553e+00
2.094000e-05	-5.856980e-04	2.008924e+00
2.095000e-05	-5.385776e-04	1.996263e+00
2.096000e-05	-4.028659e-04	1.851578e+00
2.097000e-05	-2.702265e-04	1.777340e+00
2.098000e-05	-3.680050e-04	1.693711e+00
2.099000e-05	-7.028083e-04	1.609623e+00
2.100000e-05	-5.076445e-04	1.545810e+00
2.101000e-05	-5.104922e-04	1.500505e+00
2.102000e-05	-5.042173e-04	1.379419e+00
2.103000e-05	-5.656999e-04	1.324730e+00
2.104000e-05	-5.301569e-04	1.220996e+00
2.105000e-05	-5.713404e-04	1.146865e+00
2.106000e-05	-4.091791e-04	1.043049e+00
2.107000e-05	-5.541546e-04	9.358824e-01
2.108000e-05	-6.290573e-04	8.515765e-01
2.109000e-05	-4.212058e-04	7.984674e-01
2.110000e-05	-4.663813e-04	7.457832e-01
2.111000e-05	-4.176271e-04	6.410240e-01
2.112000e-05	-4.305776e-04	5.679161e-01
2.113000e-05	-7.074166e-04	5.222057e-01
2.114000e-05	-6.614102e-04	4.114978e-01
2.115000e-05	-6.248164e-04	3.878423e-01
2.116000e-05	-6.601214e-04	3.477270e-01
2.117000e-05	-6.144129e-04	2.294148e-01
2.118000e-05	-4.801202e-04	9.412948e-02
2.119000e-05	-5.277372e-04	1.547516e-03
2.120000e-05	-4.653933e-04	-3.058539e-02
2.121000e-05	2.399594e-05	-1.057695e-01
2.122000e-05	-1.415897e-04	-1.799262e-01
2.123000e-05	-2.623806e-05	-2.306327e-01
2.124000e-05	-3.077503e-04	-2.863668e-01
2.125000e-05	-8.122914e-04	-3.699750e-01
2.126000e-05	-3.814947e-04	-4.110013e-01
2.127000e-05	4.161776e-04	-4.832404e-01
2.128000e-05	3.253232e-03	-5.294310e-01
2.129000e-05	1.172533e-02	-6.862978e-01
2.130000e-05	8.424492e-03	-8.320376e-01
2.131000e-05	-2.519146e-02	-9.283762e-01
2.132000e-05	-2.889918e-02	-1.061082e+00
2.133000e-05	1.059955e-02	-1.030627e+00
2.134000e-05	3.712619e-02	-1.032190e+00
2.135000e-05	-4.379201e-03	-1.107976e+00
2.136000e-05	-3.678817e-02	-1.313711e+00
2.137000e-05	2.074630e-02	-1.305713e+00
2.138000e-05	3.596309e-02	-1.359004e+00
2.139000e-05	-2.477144e-02	-1.506851e+00
2.140000e-05	-3.065228e-02	-1.621531e+00
2.141000e-05	3.352402e-02	-1.641612e+00
2.142000e-05	2.339810e-02	-1.685723e+00
2.143000e-05	-3.820112e-02	-1.821135e+00
2.144000e-05	5.089824e-03	-1.864764e+00
2.145000e-05	3.733539e-02	-1.916798e+00
2.146000e-05	-2.193773e-02	-1.990534e+00
2.147000e-05	-2.957855e-02	-2.043667e+00
2.148000e-05	3.330142e-02	-2.137957e+00
2.149000e-05	1.552625e-02	-2.274217e+00
2.150000e-05	-3.741733e-02	-2.389423e+00
2.151000e-05	2.032845e-02	-2.401034e+00
2.152000e-05	3.063168e-02	-2.473211e+00
2.153000e-05	-3.184606e-02	-2.557804e+00
2.154000e-05	-9.189668e-03	-2.641083e+00
2.155000e-05	3.686521e-02	-2.705745e+00
2.156000e-05	-2.208947e-02	-2.777873e+00
2.157000e-05	-2.507201e-02	-2.791034e+00
2.158000e-05	3.617552e-02	-2.862744e+00
2.159000e-05	-4.801185e-03	-2.928885e+00
2.160000e-05	-2.775470e-02	-3.045719e+00
2.161000e-05	3.197947e-02	-3.168433e+00
2.162000e-05	-3.775399e-03	-3.231087e+00
2.163000e-05	-2.792696e-02	-3.313745e+00
2.164000e-05	2.702783e-02	-3.357454e+00
2.165000e-05	-3.352388e-03	-3.481137e+00
2.166000e-05	-2.153743e-02	-3.485266e+00
2.167000e-05	2.458136e-02	-3.567899e+00
2.168000e-05	-3.218882e-03	-3.599534e+00
2.169000e-05	-1.626900e-02	-3.682598e+00
2.170000e-05	1.860028e-02	-3.807875e+00
2.171000e-05	-7.299536e-03	-3.883217e+00
2.172000e-05	-1.539345e-02	-3.927896e+00
2.173000e-05	1.583899e-02	-4.020580e+00
2.174000e-05	-5.175169e-04	-4.072165e+00
2.175000e-05	-1.036499e-02	-4.168300e+00
2.176000e-05	1.018239e-02	-4.190562e+00
2.177000e-05	-1.340608e-03	-4.303214e+00
2.178000e-05	-8.062584e-03	-4.325897e+00
2.179000e-05	3.164647e-03	-4.389954e+00
2.180000e-05	5.150763e-04	-4.401584e+00
2.181000e-05	-4.565564e-03	-4.513143e+00
2.182000e-05	2.292205e-03	-4.597979e+00
2.183000e-05	1.613374e-03	-4.642537e+00
2.184000e-05	-3.181619e-05	-4.704090e+00
2.185000e-05	-1.373575e-03	-4.785926e+00
2.186000e-05	-2.059840e-03	-4.821033e+00
2.187000e-05	-1.768112e-03	-4.935648e+00
2.188000e-05	7.909343e-04	-4.969930e+00
2.189000e-05	-9.981264e-04	-5.042216e+00
2.190000e-05	1.600202e-04	-5.134776e+00
2.191000e-05	1.265462e-03	-5.209883e+00
2.192000e-05	-1.679573e-03	-5.221159e+00
2.193000e-05	-2.178891e-03	-5.325859e+00
2.194000e-05	1.555771e-03	-5.411412e+00
2.195000e-05	-1.220378e-03	-5.462818e+00
2.196000e-05	-3.336331e-03	-5.568922e+00
2.197000e-05	1.146637e-03	-5.589983e+00
2.198000e-05	1.843430e-03	-5.663642e+00
2.199000e-05	-1.058177e-03	-5.715846e+00
2.200000e-05	-1.335012e-03	-5.769403e+00
2.201000e-05	-8.442688e-05	-5.810586e+00
2.202000e-05	-1.762613e-03	-5.904216e+00
2.203000e-05	-9.774164e-04	-5.967371e+00
2.204000e-05	3.995429e-04	-6.011007e+00
2.205000e-05	-5.686681e-05	-6.041643e+00
2.206000e-05	-1.809572e-03	-6.134277e+00
2.207000e-05	3.824127e-04	-6.207784e+00
2.208000e-05	6.209420e-05	-6.231588e+00
2.209000e-05	-9.997553e-04	-6.313766e+00
2.210000e-05	-1.399653e-03	-6.368400e+00
2.211000e-05	-4.409225e-04	-6.420011e+00
2.212000e-05	-5.987568e-04	-6.472690e+00
2.213000e-05	1.843314e-04	-6.565321e+00
2.214000e-05	1.200394e-04	-6.587881e+00
2.215000e-05	-7.363309e-04	-6.671083e+00
2.216000e-05	-1.388358e-03	-6.683266e+00
2.217000e-05	-5.772480e-04	-6.736397e+00
2.218000e-05	-1.892388e-04	-6.778850e+00
2.219000e-05	-7.770551e-04	-6.809984e+00
2.220000e-05	-8.166749e-04	-6.834167e+00
2.221000e-05	-2.383995e-04	-6.925298e+00
2.222000e-05	3.571414e-05	-6.987458e+00
2.223000e-05	-5.419251e-04	-7.038967e+00
2.224000e-05	-7.913687e-04	-7.102190e+00
2.225000e-05	-7.296781e-04	-7.137348e+00
2.226000e-05	-6.779457e-04	-7.227983e+00
2.227000e-05	-4.160715e-04	-7.261013e+00
2.228000e-05	-2.267154e-05	-7.293641e+00
2.229000e-05	-7.054442e-04	-7.344298e+00
2.230000e-05	-9.792784e-04	-7.376408e+00
2.231000e-05	-9.307295e-04	-7.412560e+00
2.232000e-05	-9.755386e-06	-7.481012e+00
2.233000e-05	-5.618110e-04	-7.512572e+00
2.234000e-05	-8.586378e-04	-7.555798e+00
2.235000e-05	-6.577057e-04	-7.577981e+00
2.236000e-05	3.220770e-05	-7.648965e+00
2.237000e-05	-4.348543e-04	-7.681643e+00
2.238000e-05	-4.197220e-04	-7.743704e+00
2.239000e-05	-7.798394e-04	-7.847009e+00
2.240000e-05	-7.977517e-04	-7.862031e+00
2.241000e-05	-7.045522e-04	-7.894684e+00
2.242000e-05	-1.666235e-04	-7.925875e+00
2.243000e-05	-5.974103e-04	-7.988478e+00
2.244000e-05	-7.153043e-04	-7.979458e+00
2.245000e-05	-6.565091e-04	-8.061612e+00
2.246000e-05	-5.146442e-04	-8.082639e+00
2.247000e-05	-2.903620e-04	-8.124195e+00
2.248000e-05	-6.607791e-04	-8.145798e+00
2.249000e-05	-9.176633e-04	-8.157876e+00
2.250000e-05	-6.241196e-04	-8.168876e+00
2.251000e-05	-1.558513e-04	-8.230984e+00
2.252000e-05	-5.662037e-04	-8.262112e+00
2.253000e-05	-5.480731e-04	-8.312637e+00
2.254000e-05	-6.161385e-04	-8.345271e+00
2.255000e-05	-6.141110e-04	-8.356295e+00
2.256000e-05	-6.370753e-04	-8.366402e+00
2.257000e-05	-4.179149e-04	-8.417936e+00
2.258000e-05	-7.810493e-04	-8.421009e+00
2.259000e-05	-9.399929e-04	-8.453142e+00
2.260000e-05	-5.122267e-04	-8.551620e+00
2.261000e-05	-3.135619e-04	-8.564173e+00
2.262000e-05	-5.375788e-04	-8.525797e+00
2.263000e-05	-5.780018e-04	-8.607777e+00
2.264000e-05	-6.101097e-04	-8.617380e+00
2.265000e-05	-6.046805e-04	-8.677431e+00
2.266000e-05	-4.961742e-04	-8.657986e+00
2.267000e-05	-4.965916e-04	-8.691665e+00
2.268000e-05	-7.012248e-04	-8.724143e+00
2.269000e-05	-6.313890e-04	-8.735345e+00
2.270000e-05	-4.737697e-04	-8.765850e+00
2.271000e-05	-6.160100e-04	-8.806874e+00
2.272000e-05	-8.222919e-04	-8.790007e+00
2.273000e-05	-6.980957e-04	-8.800028e+00
2.274000e-05	-5.859032e-04	-8.820537e+00
2.275000e-05	-4.275892e-04	-8.861540e+00
2.276000e-05	-3.827399e-04	-8.862065e+00
2.277000e-05	-6.168085e-04	-8.944191e+00
2.278000e-05	-2.694727e-04	-8.893196e+00
2.279000e-05	-5.167562e-04	-8.924771e+00
2.280000e-05	-6.603524e-04	-8.965820e+00
2.281000e-05	-5.458441e-04	-8.974301e+00
2.282000e-05	-6.821081e-04	-8.954850e+00
2.283000e-05	-8.242932e-04	-8.987851e+00
2.284000e-05	-4.926882e-04	-9.007428e+00
2.285000e-05	-2.244304e-04	-8.978454e+00
2.286000e-05	-4.516289e-04	-9.016933e+00
2.287000e-05	-7.024180e-04	-9.041382e+00
2.288000e-05	-3.283590e-04	-9.028362e+00
2.289000e-05	-4.842623e-04	-9.039584e+00
2.290000e-05	-6.394432e-04	-9.000082e+00
2.291000e-05	-6.664336e-04	-9.050009e+00
2.292000e-05	-6.409496e-04	-9.049083e+00
2.293000e-05	-5.040822e-04	-9.061512e+00
2.294000e-05	-3.816224e-04	-9.041636e+00
2.295000e-05	-3.971320e-04	-9.073037e+00
2.296000e-05	-5.487907e-04	-9.082163e+00
2.297000e-05	-5.158009e-04	-9.083141e+00
2.298000e-05	-7.479256e-04	-9.083114e+00
2.299000e-05	-6.555085e-04	-9.112614e+00
2.300000e-05	-3.530392e-04	-9.081638e+00
2.301000e-05	-5.758931e-04	-9.102564e+00
2.302000e-05	-6.757226e-04	-9.094588e+00
2.303000e-05	-2.008746e-04	-9.083139e+00
2.304000e-05	-1.332305e-04	-9.103088e+00
2.305000e-05	-5.073856e-04	-9.073191e+00
2.306000e-05	-4.816279e-04	-9.091162e+00
2.307000e-05	-5.965113e-04	-9.102167e+00
2.308000e-05	-6.857215e-04	-9.051713e+00
2.309000e-05	-4.256994e-04	-9.082636e+00
2.310000e-05	-5.231207e-04	-9.073062e+00
2.311000e-05	-4.121797e-04	-9.071583e+00
2.312000e-05	-4.532388e-04	-9.070561e+00
2.313000e-05	-3.055995e-04	-9.090062e+00
2.314000e-05	-3.771330e-04	-9.061561e+00
2.315000e-05	-6.065781e-04	-9.039111e+00
2.316000e-05	-6.382063e-04	-9.050034e+00
2.317000e-05	-5.103538e-04	-9.030460e+00
2.318000e-05	-4.740955e-04	-9.049053e+00
2.319000e-05	-3.528518e-04	-8.998954e+00
2.320000e-05	-4.833761e-04	-8.998303e+00
2.321000e-05	-3.903513e-04	-8.988952e+00
2.322000e-05	-3.811703e-04	-8.998373e+00
2.323000e-05	-2.906641e-04	-8.986796e+00
2.324000e-05	-5.131158e-04	-8.916903e+00
2.325000e-05	-6.043666e-04	-8.955845e+00
2.326000e-05	-3.577442e-04	-8.954747e+00
2.327000e-05	-1.750076e-04	-8.954299e+00
2.328000e-05	-2.749513e-04	-8.902144e+00
2.329000e-05	-8.876468e-05	-8.885114e+00
2.330000e-05	-3.224276e-05	-8.893665e+00
2.331000e-05	-3.841268e-04	-8.859564e+00
2.332000e-05	-3.104107e-04	-8.861109e+00
2.333000e-05	-2.023014e-04	-8.840508e+00
2.334000e-05	-3.165637e-04	-8.847963e+00
2.335000e-05	-4.868057e-04	-8.817349e+00
2.336000e-05	-2.907808e-04	-8.785972e+00
2.337000e-05	-1.923276e-04	-8.765250e+00
2.338000e-05	-4.715812e-04	-8.712245e+00
2.339000e-05	-5.553810e-04	-8.733741e+00
2.340000e-05	-4.874677e-04	-8.700037e+00
2.341000e-05	-4.160129e-04	-8.651483e+00
2.342000e-05	-2.262775e-04	-8.627928e+00
2.343000e-05	-3.949774e-04	-8.576905e+00
2.344000e-05	-5.599795e-04	-8.585828e+00
2.345000e-05	-2.768690e-04	-8.554696e+00
2.346000e-05	-1.778749e-04	-8.543646e+00
2.347000e-05	-3.847678e-04	-8.472587e+00
2.348000e-05	-3.539820e-04	-8.480457e+00
2.349000e-05	-5.033774e-04	-8.389507e+00
2.350000e-05	-5.111687e-04	-8.437923e+00
2.351000e-05	-2.334235e-04	-8.376394e+00
2.352000e-05	-4.697354e-04	-8.356267e+00
2.353000e-05	-5.822274e-04	-8.293216e+00
2.354000e-05	-4.478300e-04	-8.301614e+00
2.355000e-05	-3.176815e-04	-8.279985e+00
2.356000e-05	-4.420162e-04	-8.218503e+00
2.357000e-05	-5.299469e-04	-8.176921e+00
2.358000e-05	-2.828089e-04	-8.156242e+00
2.359000e-05	-2.889096e-04	-8.126218e+00
2.360000e-05	-2.133829e-04	-8.102216e+00
2.361000e-05	-2.680607e-04	-8.053186e+00
2.362000e-05	-4.811901e-04	-8.030078e+00
2.363000e-05	-4.687201e-04	-8.010050e+00
2.364000e-05	-3.664754e-04	-7.960390e+00
2.365000e-05	-3.328470e-04	-7.933738e+00
2.366000e-05	-4.323968e-04	-7.900564e+00
2.367000e-05	-3.575242e-04	-7.840457e+00
2.368000e-05	-3.934565e-04	-7.807368e+00
2.369000e-05	-3.409307e-04	-7.725714e+00
2.370000e-05	-2.897175e-04	-7.730507e+00
2.371000e-05	-4.449520e-04	-7.610029e+00
2.372000e-05	-3.685062e-04	-7.574799e+00
2.373000e-05	-2.145214e-04	-7.544743e+00
2.374000e-05	-4.389714e-04	-7.511636e+00
2.375000e-05	-3.230384e-04	-7.401030e+00
2.376000e-05	-3.022193e-04	-7.417926e+00
2.377000e-05	-4.991569e-04	-7.385319e+00
2.378000e-05	-4.963882e-04	-7.313291e+00
2.379000e-05	-1.677276e-04	-7.302111e+00
2.380000e-05	-4.191994e-04	-7.252107e+00
2.381000e-05	-5.328674e-04	-7.178926e+00
2.382000e-05	-3.079301e-04	-7.145889e+00
2.383000e-05	-3.279393e-04	-7.111640e+00
2.384000e-05	-3.887075e-04	-7.090903e+00
2.385000e-05	-4.065382e-04	-6.998296e+00
2.386000e-05	-2.398847e-04	-6.946766e+00
2.387000e-05	-1.819473e-04	-6.900087e+00
2.388000e-05	-3.643744e-04	-6.808502e+00
2.389000e-05	-3.896394e-04	-6.756421e+00
2.390000e-05	-4.330985e-04	-6.724217e+00
2.391000e-05	-3.683604e-04	-6.653613e+00
2.392000e-05	-3.287710e-04	-6.641029e+00
2.393000e-05	-3.777255e-04	-6.595973e+00
2.394000e-05	-5.313964e-04	-6.584393e+00
2.395000e-05	-4.157438e-04	-6.503061e+00
2.396000e-05	-2.892500e-04	-6.432531e+00
2.397000e-05	-3.761997e-04	-6.408476e+00
2.398000e-05	-4.244873e-04	-6.335241e+00
2.399000e-05	-4.203862e-04	-6.270708e+00
